_source_system,_source_table,_extracted_at_utc,_snapshot_date,_snapshot_id,entity_id,trip_id,route_id,direction_id,start_time,start_date,vehicle_id,vehicle_label,license_plate,latitude,longitude,bearing,speed_mps,speed_kmh,current_stop_sequence,stop_id,current_status,timestamp_raw,timestamp_cdmx,congestion_level,occupancy_status,route_short_name,route_long_name,route_desc,route_type,route_color,route_text_color,stop_name,stop_lat,stop_lon,zone_id,location_type,parent_station
metrobus,metrobus_vehicle_positions_enriched,2026-08-21T17:47:45Z,2026-08-21,20260821T174742Z,6748c91a-db56-450b-acf8-07077d158890,,19472,1.0,17:19:15,20260821,69379,2306,1240002,19.46723175048828,-99.08057403564453,100.0,0.0,0.0,,,,1787334443,2026-08-21 11:47:23-06:00,,,6,L06g02-2 ipn - villa de aragón,,3,E44599,FFFFFF,,,,,,
metrobus,metrobus_vehicle_positions_enriched,2026-08-21T17:47:45Z,2026-08-21,20260821T174742Z,a46b7521-9392-40ca-a392-2ef813063bce,,19564,0.0,17:21:08,20260821,69378,2305,1240001,19.394123077392578,-99.09056091308594,304.0,0.0,0.0,,,,1787334449,2026-08-21 11:47:29-06:00,,,2,L02c02-1 tepalcates - etiopía l3,,3,8D1A96,FFFFFF,,,,,,
metrobus,metrobus_vehicle_positions_enriched,2026-08-21T17:47:45Z,2026-08-21,20260821T174742Z,826442d3-9b03-453c-896b-4d54356e2487,,19474,0.0,17:16:55,20260821,69377,2304,1230200,19.51053237915039,-99.19862365722656,197.0,31.0,111.60000000000001,,,,1787334448,2026-08-21 11:47:28-06:00,,,6,L06g03-1 dep. 18 de marzo - el rosario,,3,E44599,FFFFFF,,,,,,
metrobus,metrobus_vehicle_positions_enriched,2026-08-21T17:47:45Z,2026-08-21,20260821T174742Z,89191b1e-857c-4014-bcd7-0af9d84d1f66,,19562,1.0,17:07:18,20260821,69376,2303,1230199,19.396453857421875,-99.09553527832031,98.0,0.0,0.0,,,,1787334449,2026-08-21 11:47:29-06:00,,,2,L02c01-2 tacubaya - tepalcates,,3,8D1A96,FFFFFF,,,,,,
metrobus,metrobus_vehicle_positions_enriched,2026-08-21T17:47:45Z,2026-08-21,20260821T174742Z,1d7fdaaf-30b8-43f5-9e9f-c127ef6846ac,,19563,0.0,17:42:30,20260821,69375,2302,1230198,19.385774612426758,-99.05318450927734,306.0,27.0,97.2,,,,1787334418,2026-08-21 11:46:58-06:00,,,2,L02c01-1 tepalcates - tacubaya,,3,8D1A96,FFFFFF,,,,,,
metrobus,metrobus_vehicle_positions_enriched,2026-08-21T17:47:45Z,2026-08-21,20260821T174742Z,4d8c261f-9228-4e58-9b41-828ea3963787,,19491,1.0,16:39:55,20260821,70014,1210,001A196,19.487712860107422,-99.12321472167969,381.0,46.0,165.6,,,,1787334447,2026-08-21 11:47:27-06:00,,,1,L01a01-2 dr. gálvez - indios verdes,,3,D40D0D,FFFFFF,,,,,,
metrobus,metrobus_vehicle_positions_enriched,2026-08-21T17:47:45Z,2026-08-21,20260821T174742Z,1687b029-ccea-4941-86ee-c08b47377330,,19558,1.0,17:06:49,20260821,69382,2309,1240005,19.399295806884766,-99.1133804321289,353.0,9.0,32.4,,,,1787334449,2026-08-21 11:47:29-06:00,,,5,L05f05-2 preparatoria 1 - río de los remedios,,3,141982,FFFFFF,,,,,,
metrobus,metrobus_vehicle_positions_enriched,2026-08-21T17:47:45Z,2026-08-21,20260821T174742Z,78ae73fd-7d3d-40a0-b149-ed83b5362327,,19472,1.0,17:33:50,20260821,69381,2308,1240004,19.482860565185547,-99.10751342773438,102.0,17.0,61.2,,,,1787334442,2026-08-21 11:47:22-06:00,,,6,L06g02-2 ipn - villa de aragón,,3,E44599,FFFFFF,,,,,,
metrobus,metrobus_vehicle_positions_enriched,2026-08-21T17:47:45Z,2026-08-21,20260821T174742Z,adefc433-a72a-4107-8fe8-8d4345b563b0,,19470,0.0,17:01:01,20260821,69380,2307,1240003,19.494827270507812,-99.15257263183594,283.0,38.0,136.8,,,,1787334454,2026-08-21 11:47:34-06:00,,,6,L06g01-1 villa de aragón - el rosario,,3,E44599,FFFFFF,,,,,,
metrobus,metrobus_vehicle_positions_enriched,2026-08-21T17:47:45Z,2026-08-21,20260821T174742Z,b2696f2c-7ec5-4ba1-9cb5-473af31cc1a7,,19563,0.0,16:53:46,20260821,69393,2320,1230174,19.396081924438477,-99.15788269042969,273.0,38.0,136.8,,,,1787334450,2026-08-21 11:47:30-06:00,,,2,L02c01-1 tepalcates - tacubaya,,3,8D1A96,FFFFFF,,,,,,
metrobus,metrobus_vehicle_positions_enriched,2026-08-21T17:47:45Z,2026-08-21,20260821T174742Z,ec8f6a3d-e615-42ad-9722-ab4fde3ae77b,,19567,1.0,17:43:31,20260821,69390,2317,1240013,19.393842697143555,-99.1723861694336,167.0,0.0,0.0,,,,1787334452,2026-08-21 11:47:32-06:00,,,2,L02c03-2 col. del valle - tepalcates,,3,8D1A96,FFFFFF,,,,,,
metrobus,metrobus_vehicle_positions_enriched,2026-08-21T17:47:45Z,2026-08-21,20260821T174742Z,4cdd0cfd-d3fa-463f-ba7d-013f36c6ce5f,,19471,1.0,16:44:16,20260821,69389,2316,1240012,19.466005325317383,-99.06070709228516,132.0,38.0,136.8,,,,1787334453,2026-08-21 11:47:33-06:00,,,6,L06g01-2 el rosario - villa de aragón,,3,E44599,FFFFFF,,,,,,
metrobus,metrobus_vehicle_positions_enriched,2026-08-21T17:47:45Z,2026-08-21,20260821T174742Z,7394d7bd-23b9-4e6c-acc0-f58dcc1f59fa,,19471,1.0,16:57:22,20260821,69388,2315,1240011,19.475143432617188,-99.0889892578125,134.0,0.0,0.0,,,,1787334452,2026-08-21 11:47:32-06:00,,,6,L06g01-2 el rosario - villa de aragón,,3,E44599,FFFFFF,,,,,,
metrobus,metrobus_vehicle_positions_enriched,2026-08-21T17:47:45Z,2026-08-21,20260821T174742Z,9064e23c-40aa-44a3-b5de-f03386b4c12a,,19471,1.0,17:01:00,20260821,69387,2314,1240010,19.477073669433594,-99.09286499023438,112.0,0.0,0.0,,,,1787334449,2026-08-21 11:47:29-06:00,,,6,L06g01-2 el rosario - villa de aragón,,3,E44599,FFFFFF,,,,,,
metrobus,metrobus_vehicle_positions_enriched,2026-08-21T17:47:45Z,2026-08-21,20260821T174742Z,bcc6597f-d289-4d7e-b811-7883d84ad8fd,,19562,1.0,17:22:13,20260821,69386,2313,1240009,19.394241333007812,-99.13967895507812,995.0,31.0,111.60000000000001,,,,1787334454,2026-08-21 11:47:34-06:00,,,2,L02c01-2 tacubaya - tepalcates,,3,8D1A96,FFFFFF,,,,,,
metrobus,metrobus_vehicle_positions_enriched,2026-08-21T17:47:45Z,2026-08-21,20260821T174742Z,f03b245a-77ff-4cdb-b46b-28c849bd810e,,,,,,69385,2312,1240008,19.464763641357422,-99.05923461914062,313.0,0.0,0.0,,,,1787315846,2026-08-21 06:37:26-06:00,,,,,,,,,,,,,,
metrobus,metrobus_vehicle_positions_enriched,2026-08-21T17:47:45Z,2026-08-21,20260821T174742Z,9918451f-9335-4865-99f4-a60645ae5cfa,,19475,1.0,17:30:50,20260821,69383,2310,1240006,19.49517059326172,-99.15452575683594,103.0,0.0,0.0,,,,1787334445,2026-08-21 11:47:25-06:00,,,6,L06g03-2 el rosario- dep. 18 de marzo,,3,E44599,FFFFFF,,,,,,
metrobus,metrobus_vehicle_positions_enriched,2026-08-21T17:47:45Z,2026-08-21,20260821T174742Z,07fc29e8-0b7e-46aa-bdf7-e4de77b0f86c,,19473,0.0,17:32:38,20260821,69198,800,1320055,19.468547821044922,-99.08435821533203,297.0,0.0,0.0,,,,1787334447,2026-08-21 11:47:27-06:00,,,6,L06g02-1 villa de aragón - ipn,,3,E44599,FFFFFF,,,,,,
metrobus,metrobus_vehicle_positions_enriched,2026-08-21T17:47:45Z,2026-08-21,20260821T174742Z,7bf5c997-6dae-40fc-8b4a-5cf87219ad9f,,19579,1.0,17:12:27,20260821,69886,801,1280065,19.452699661254883,-99.1310043334961,394.0,3.0,10.8,,,,1787334456,2026-08-21 11:47:36-06:00,,,7,L07h02-2 campo marte - hospital infantil,,3,116633,FFFFFF,,,,,,
metrobus,metrobus_vehicle_positions_enriched,2026-08-21T17:47:45Z,2026-08-21,20260821T174742Z,62dba035-9751-44cc-8b30-10bfc9ad2a75,,19576,0.0,17:14:16,20260821,69887,802,1280066,19.438024520874023,-99.1461181640625,227.0,0.0,0.0,,,,1787334445,2026-08-21 11:47:25-06:00,,,7,L07h01-1 indios verdes - campo marte,,3,116633,FFFFFF,,,,,,
metrobus,metrobus_vehicle_positions_enriched,2026-08-21T17:47:45Z,2026-08-21,20260821T174742Z,0b73f0a7-ae17-46bb-82bb-94e80f5abdb0,,,,,,69888,803,1280067,19.508333206176758,-99.1728744506836,0.0,0.0,0.0,,,,1783013862,2026-07-02 11:37:42-06:00,,,,,,,,,,,,,,
metrobus,metrobus_vehicle_positions_enriched,2026-08-21T17:47:45Z,2026-08-21,20260821T174742Z,21bb86dd-6f60-4337-b03b-7c8f7b5c1885,,19582,0.0,17:00:26,20260821,69889,804,1280068,19.426864624023438,-99.16864776611328,246.0,0.0,0.0,,,,1787334458,2026-08-21 11:47:38-06:00,,,7,L07h04-1 indios verdes - la diana,,3,116633,FFFFFF,,,,,,
metrobus,metrobus_vehicle_positions_enriched,2026-08-21T17:47:45Z,2026-08-21,20260821T174742Z,41117ce2-bf99-4317-ba64-d65111ad3d1c,,,,,,69890,805,1280069,19.50776481628418,-99.17095947265625,340.0,0.0,0.0,,,,1787296142,2026-08-21 01:09:02-06:00,,,,,,,,,,,,,,
metrobus,metrobus_vehicle_positions_enriched,2026-08-21T17:47:45Z,2026-08-21,20260821T174742Z,b1185063-3e3c-46d7-8d9a-41fefd775172,,19567,1.0,17:47:16,20260821,69392,2319,1230173,19.384244918823242,-99.17572784423828,228.0,17.0,61.2,,,,1787334451,2026-08-21 11:47:31-06:00,,,2,L02c03-2 col. del valle - tepalcates,,3,8D1A96,FFFFFF,,,,,,
metrobus,metrobus_vehicle_positions_enriched,2026-08-21T17:47:45Z,2026-08-21,20260821T174742Z,67e08dbb-7c6c-4a32-9759-991c4d660b3c,,,,,,69891,806,1280070,19.492685317993164,-99.12060546875,325.0,0.0,0.0,,,,1787334453,2026-08-21 11:47:33-06:00,,,,,,,,,,,,,,
metrobus,metrobus_vehicle_positions_enriched,2026-08-21T17:47:45Z,2026-08-21,20260821T174742Z,e0e4c260-897f-4775-bf0f-9ff852fcae76,,,,,,69391,2318,1230172,19.396827697753906,-99.09983825683594,922.0,0.0,0.0,,,,1787334444,2026-08-21 11:47:24-06:00,,,,,,,,,,,,,,
metrobus,metrobus_vehicle_positions_enriched,2026-08-21T17:47:45Z,2026-08-21,20260821T174742Z,614957c1-96aa-46d9-90b2-908264f94c78,,,,,,69892,807,1280071,19.42677879333496,-99.19937133789062,993.0,0.0,0.0,,,,1787334454,2026-08-21 11:47:34-06:00,,,,,,,,,,,,,,
metrobus,metrobus_vehicle_positions_enriched,2026-08-21T17:47:45Z,2026-08-21,20260821T174742Z,7d2ac286-6f50-4f6b-9117-c9b53f956cbd,,19578,0.0,17:38:30,20260821,69893,808,1280072,19.47551918029785,-99.12222290039062,200.0,0.0,0.0,,,,1787334453,2026-08-21 11:47:33-06:00,,,7,L07h02-1 hospital infantil - campo marte,,3,116633,FFFFFF,,,,,,
metrobus,metrobus_vehicle_positions_enriched,2026-08-21T17:47:45Z,2026-08-21,20260821T174742Z,879291fd-a983-4b1c-a8d5-fbd8b7e549d2,,19582,0.0,17:09:39,20260821,69894,809,1280073,19.433574676513672,-99.15387725830078,242.0,20.0,72.0,,,,1787334454,2026-08-21 11:47:34-06:00,,,7,L07h04-1 indios verdes - la diana,,3,116633,FFFFFF,,,,,,
metrobus,metrobus_vehicle_positions_enriched,2026-08-21T17:47:45Z,2026-08-21,20260821T174742Z,75b343ad-bb0e-42c6-93f5-98c9bb1abdb4,,19562,1.0,17:33:14,20260821,69398,2325,1230182,19.396825790405273,-99.16374206542969,104.0,0.0,0.0,,,,1787334453,2026-08-21 11:47:33-06:00,,,2,L02c01-2 tacubaya - tepalcates,,3,8D1A96,FFFFFF,,,,,,
metrobus,metrobus_vehicle_positions_enriched,2026-08-21T17:47:45Z,2026-08-21,20260821T174742Z,25db4011-b7aa-4f78-8957-bfd1026579c9,,19562,1.0,17:15:45,20260821,69397,2324,1230180,19.398244857788086,-99.116943359375,872.0,19.0,68.4,,,,1787334443,2026-08-21 11:47:23-06:00,,,2,L02c01-2 tacubaya - tepalcates,,3,8D1A96,FFFFFF,,,,,,
metrobus,metrobus_vehicle_positions_enriched,2026-08-21T17:47:45Z,2026-08-21,20260821T174742Z,31625786-db2b-4054-98c0-a94433f75063,,,,,,69395,2322,1230176,19.389286041259766,-99.05811309814453,0.0,0.0,0.0,,,,1787334448,2026-08-21 11:47:28-06:00,,,,,,,,,,,,,,
metrobus,metrobus_vehicle_positions_enriched,2026-08-21T17:47:45Z,2026-08-21,20260821T174742Z,2ba9da87-6491-4652-9f78-5ccf1a78fa8f,,19577,1.0,17:27:17,20260821,69895,810,1280074,19.429664611816406,-99.16173553466797,641.0,0.0,0.0,,,,1787334442,2026-08-21 11:47:22-06:00,,,7,L07h01-2 campo marte - indios verdes,,3,116633,FFFFFF,,,,,,
metrobus,metrobus_vehicle_positions_enriched,2026-08-21T17:47:45Z,2026-08-21,20260821T174742Z,eae24144-23d9-47fc-8aa7-34b95a240687,,19563,0.0,17:15:47,20260821,69394,2321,1230175,19.397232055664062,-99.10357666015625,271.0,30.0,108.0,,,,1787334414,2026-08-21 11:46:54-06:00,,,2,L02c01-1 tepalcates - tacubaya,,3,8D1A96,FFFFFF,,,,,,
metrobus,metrobus_vehicle_positions_enriched,2026-08-21T17:47:45Z,2026-08-21,20260821T174742Z,d9a2d177-02a0-4b17-9366-5fa3278de9c6,,19576,0.0,17:20:12,20260821,69896,811,1280075,19.447500228881836,-99.1356430053711,223.0,0.0,0.0,,,,1787334424,2026-08-21 11:47:04-06:00,,,7,L07h01-1 indios verdes - campo marte,,3,116633,FFFFFF,,,,,,
metrobus,metrobus_vehicle_positions_enriched,2026-08-21T17:47:45Z,2026-08-21,20260821T174742Z,2154b823-cab9-4bf8-91c8-db8f11195d1b,,,,,,69897,812,1280076,19.50796127319336,-99.17210388183594,0.0,0.0,0.0,,,,1787302496,2026-08-21 02:54:56-06:00,,,,,,,,,,,,,,
metrobus,metrobus_vehicle_positions_enriched,2026-08-21T17:47:45Z,2026-08-21,20260821T174742Z,8330eaba-9e77-4dcf-8676-ec2b8671a8bc,,,,,,69898,813,1280077,19.493431091308594,-99.1211166381836,324.0,0.0,0.0,,,,1787334451,2026-08-21 11:47:31-06:00,,,,,,,,,,,,,,
metrobus,metrobus_vehicle_positions_enriched,2026-08-21T17:47:45Z,2026-08-21,20260821T174742Z,6359c065-1161-462a-89eb-15f3ec7c4cc1,,19577,1.0,17:15:50,20260821,69899,814,1280078,19.439746856689453,-99.14390563964844,493.0,0.0,0.0,,,,1787334448,2026-08-21 11:47:28-06:00,,,7,L07h01-2 campo marte - indios verdes,,3,116633,FFFFFF,,,,,,
metrobus,metrobus_vehicle_positions_enriched,2026-08-21T17:47:45Z,2026-08-21,20260821T174742Z,11ae8d3b-4384-4d2e-84d3-1c3b90368539,,19576,0.0,17:10:25,20260821,69900,815,1280079,19.43376350402832,-99.15348052978516,244.0,27.0,97.2,,,,1787334450,2026-08-21 11:47:30-06:00,,,7,L07h01-1 indios verdes - campo marte,,3,116633,FFFFFF,,,,,,
metrobus,metrobus_vehicle_positions_enriched,2026-08-21T17:47:45Z,2026-08-21,20260821T174742Z,fbc2edc9-ca2d-44ae-a0b2-53cade40eb55,,19582,0.0,17:18:38,20260821,69901,816,1280080,19.44422721862793,-99.13970947265625,231.0,9.0,32.4,,,,1787334451,2026-08-21 11:47:31-06:00,,,7,L07h04-1 indios verdes - la diana,,3,116633,FFFFFF,,,,,,
metrobus,metrobus_vehicle_positions_enriched,2026-08-21T17:47:45Z,2026-08-21,20260821T174742Z,de9963f3-faa9-48d6-a97c-2f33d8393d40,,,,,,69902,817,1280081,19.508136749267578,-99.17220306396484,0.0,0.0,0.0,,,,1787266350,2026-08-20 16:52:30-06:00,,,,,,,,,,,,,,
metrobus,metrobus_vehicle_positions_enriched,2026-08-21T17:47:45Z,2026-08-21,20260821T174742Z,a4ee748d-0221-47ff-a11c-8b05b3d2ae45,,19576,0.0,17:38:28,20260821,69903,818,1280082,19.473346710205078,-99.12312316894531,202.0,0.0,0.0,,,,1787334450,2026-08-21 11:47:30-06:00,,,7,L07h01-1 indios verdes - campo marte,,3,116633,FFFFFF,,,,,,
metrobus,metrobus_vehicle_positions_enriched,2026-08-21T17:47:45Z,2026-08-21,20260821T174742Z,2948945f-9293-4c31-ab9b-98b1aea3b8b8,,19576,0.0,16:52:11,20260821,69904,819,1280083,19.424238204956055,-99.1812973022461,279.0,43.0,154.8,,,,1787334447,2026-08-21 11:47:27-06:00,,,7,L07h01-1 indios verdes - campo marte,,3,116633,FFFFFF,,,,,,
metrobus,metrobus_vehicle_positions_enriched,2026-08-21T17:47:45Z,2026-08-21,20260821T174742Z,e9de18e2-8f4f-465b-9763-4efef049c4a8,,19499,0.0,16:46:42,20260821,69957,1253,1230122,19.359182357788086,-99.18376922607422,197.0,0.0,0.0,,,,1787334454,2026-08-21 11:47:34-06:00,,,1,L01a07-1 indios verdes - el caminero,,3,D40D0D,FFFFFF,,,,,,
metrobus,metrobus_vehicle_positions_enriched,2026-08-21T17:47:45Z,2026-08-21,20260821T174742Z,bd2bb252-d11c-48bf-9144-f07cc97537bb,,19563,0.0,17:01:29,20260821,70106,2342,1250020,19.394695281982422,-99.14221954345703,281.0,4.0,14.4,,,,1787334453,2026-08-21 11:47:33-06:00,,,2,L02c01-1 tepalcates - tacubaya,,3,8D1A96,FFFFFF,,,,,,
metrobus,metrobus_vehicle_positions_enriched,2026-08-21T17:47:45Z,2026-08-21,20260821T174742Z,c676da65-e5e1-4bcf-b924-663b06642aa1,,19563,0.0,17:27:49,20260821,70105,2341,1250019,19.38711929321289,-99.08013153076172,304.0,0.0,0.0,,,,1787334444,2026-08-21 11:47:24-06:00,,,2,L02c01-1 tepalcates - tacubaya,,3,8D1A96,FFFFFF,,,,,,
metrobus,metrobus_vehicle_positions_enriched,2026-08-21T17:47:45Z,2026-08-21,20260821T174742Z,c68dbf2a-a64e-4855-8241-04f4df2a36e0,,,,,,69956,1252,1230120,19.32229232788086,-99.17283630371094,347.0,0.0,0.0,,,,1787332198,2026-08-21 11:09:58-06:00,,,,,,,,,,,,,,
metrobus,metrobus_vehicle_positions_enriched,2026-08-21T17:47:45Z,2026-08-21,20260821T174742Z,3f4a4270-c618-4095-a0d4-fb8a4981fb4a,,19565,1.0,17:15:40,20260821,70104,2340,1250018,19.384031295776367,-99.07322692871094,725.0,25.0,90.0,,,,1787334453,2026-08-21 11:47:33-06:00,,,2,L02c02-2 etiopía l3 - tepalcates,,3,8D1A96,FFFFFF,,,,,,
metrobus,metrobus_vehicle_positions_enriched,2026-08-21T17:47:45Z,2026-08-21,20260821T174742Z,3bb1cece-8c29-4eb4-aa41-571b16d465d0,,,,,,69955,1251,1230119,19.278823852539062,-99.16793823242188,218.0,0.0,0.0,,,,1787334443,2026-08-21 11:47:23-06:00,,,,,,,,,,,,,,
metrobus,metrobus_vehicle_positions_enriched,2026-08-21T17:47:45Z,2026-08-21,20260821T174742Z,3cac27fe-f08f-47a1-894b-e49529a6a27d,,19563,0.0,16:47:32,20260821,70103,2339,1250017,19.396709442138672,-99.16304779052734,284.0,0.0,0.0,,,,1787334453,2026-08-21 11:47:33-06:00,,,2,L02c01-1 tepalcates - tacubaya,,3,8D1A96,FFFFFF,,,,,,
metrobus,metrobus_vehicle_positions_enriched,2026-08-21T17:47:45Z,2026-08-21,20260821T174742Z,917b6c5f-6aaf-4bbb-adc9-284e2a2172f9,,19563,0.0,17:20:31,20260821,69401,2337,1230170,19.396728515625,-99.0970230102539,277.0,32.0,115.2,,,,1787334443,2026-08-21 11:47:23-06:00,,,2,L02c01-1 tepalcates - tacubaya,,3,8D1A96,FFFFFF,,,,,,
metrobus,metrobus_vehicle_positions_enriched,2026-08-21T17:47:45Z,2026-08-21,20260821T174742Z,cc71741a-7ed3-42a4-b899-476b13d1c5d5,,19567,1.0,16:45:44,20260821,69400,2336,1230187,19.39345359802246,-99.05081176757812,121.0,0.0,0.0,,,,1787334450,2026-08-21 11:47:30-06:00,,,2,L02c03-2 col. del valle - tepalcates,,3,8D1A96,FFFFFF,,,,,,
metrobus,metrobus_vehicle_positions_enriched,2026-08-21T17:47:45Z,2026-08-21,20260821T174742Z,db1bd7c0-d32b-4576-b785-c490928b4901,,19562,1.0,17:46:04,20260821,69399,2335,1230184,19.40210723876953,-99.18721008300781,290.0,0.0,0.0,,,,1787334454,2026-08-21 11:47:34-06:00,,,2,L02c01-2 tacubaya - tepalcates,,3,8D1A96,FFFFFF,,,,,,
metrobus,metrobus_vehicle_positions_enriched,2026-08-21T17:47:45Z,2026-08-21,20260821T174742Z,df18cea2-d35a-41f2-861c-52a9ff8b158c,,19576,0.0,17:30:07,20260821,69905,820,1280084,19.461816787719727,-99.12744903564453,201.0,0.0,0.0,,,,1787334447,2026-08-21 11:47:27-06:00,,,7,L07h01-1 indios verdes - campo marte,,3,116633,FFFFFF,,,,,,
metrobus,metrobus_vehicle_positions_enriched,2026-08-21T17:47:45Z,2026-08-21,20260821T174742Z,aee72ed2-b92d-4779-be2c-61e1812df36b,,,,,,69906,821,1280085,19.491952896118164,-99.12032318115234,144.0,0.0,0.0,,,,1787334446,2026-08-21 11:47:26-06:00,,,,,,,,,,,,,,
metrobus,metrobus_vehicle_positions_enriched,2026-08-21T17:47:45Z,2026-08-21,20260821T174742Z,6954a39d-a26f-4166-b72c-d4496423e7ee,,19579,1.0,16:54:09,20260821,69907,822,1280086,19.47831153869629,-99.12115478515625,19.0,0.0,0.0,,,,1787334453,2026-08-21 11:47:33-06:00,,,7,L07h02-2 campo marte - hospital infantil,,3,116633,FFFFFF,,,,,,
metrobus,metrobus_vehicle_positions_enriched,2026-08-21T17:47:45Z,2026-08-21,20260821T174742Z,099e9b3a-0113-4fcb-8976-31dce3210934,,19577,1.0,17:09:43,20260821,69908,823,1280087,19.452150344848633,-99.13150024414062,274.0,38.0,136.8,,,,1787334386,2026-08-21 11:46:26-06:00,,,7,L07h01-2 campo marte - indios verdes,,3,116633,FFFFFF,,,,,,
metrobus,metrobus_vehicle_positions_enriched,2026-08-21T17:47:45Z,2026-08-21,20260821T174742Z,80d7d6f0-4aa5-4c52-99b9-d6e18f0a8eca,,19577,1.0,16:47:40,20260821,69909,824,1280088,19.48457145690918,-99.11372375488281,348.0,28.0,100.8,,,,1787334446,2026-08-21 11:47:26-06:00,,,7,L07h01-2 campo marte - indios verdes,,3,116633,FFFFFF,,,,,,
metrobus,metrobus_vehicle_positions_enriched,2026-08-21T17:47:45Z,2026-08-21,20260821T174742Z,dfee5926-5784-47d1-93ff-2c48476d50b9,,19579,1.0,17:25:19,20260821,69910,825,1280089,19.433277130126953,-99.15410614013672,642.0,30.0,108.0,,,,1787334445,2026-08-21 11:47:25-06:00,,,7,L07h02-2 campo marte - hospital infantil,,3,116633,FFFFFF,,,,,,
metrobus,metrobus_vehicle_positions_enriched,2026-08-21T17:47:45Z,2026-08-21,20260821T174742Z,1bd87d55-51cd-44cd-a4bf-ca2a72bc8222,,19579,1.0,17:41:38,20260821,69911,826,1280090,19.424476623535156,-99.18427276611328,997.0,39.0,140.4,,,,1787334445,2026-08-21 11:47:25-06:00,,,7,L07h02-2 campo marte - hospital infantil,,3,116633,FFFFFF,,,,,,
metrobus,metrobus_vehicle_positions_enriched,2026-08-21T17:47:45Z,2026-08-21,20260821T174742Z,4cb2d616-4905-4740-ab5e-9568ffbdc212,,19577,1.0,17:43:13,20260821,69912,827,1280091,19.42470359802246,-99.1857681274414,997.0,0.0,0.0,,,,1787334449,2026-08-21 11:47:29-06:00,,,7,L07h01-2 campo marte - indios verdes,,3,116633,FFFFFF,,,,,,
metrobus,metrobus_vehicle_positions_enriched,2026-08-21T17:47:45Z,2026-08-21,20260821T174742Z,b1109a4a-8461-4f60-a962-9956ff5ea85f,,19577,1.0,16:51:21,20260821,69913,828,1280092,19.483444213867188,-99.11920928955078,222.0,10.0,36.0,,,,1787334455,2026-08-21 11:47:35-06:00,,,7,L07h01-2 campo marte - indios verdes,,3,116633,FFFFFF,,,,,,
metrobus,metrobus_vehicle_positions_enriched,2026-08-21T17:47:45Z,2026-08-21,20260821T174742Z,406d51a9-bda2-4abb-b2c4-79af3c7a5cd3,,19909,0.0,17:32:31,20260821,69914,829,1280093,19.427412033081055,-99.16783142089844,266.0,32.0,115.2,,,,1787334440,2026-08-21 11:47:20-06:00,,,7,L07h10-1 garibaldi - campo marte,,3,116633,FFFFFF,,,,,,
metrobus,metrobus_vehicle_positions_enriched,2026-08-21T17:47:45Z,2026-08-21,20260821T174742Z,48d09caf-b891-4277-b299-2c6204b506db,,19984,0.0,17:34:16,20260821,69695,2353,1250032,19.38724136352539,-99.0802993774414,304.0,0.0,0.0,,,,1787334454,2026-08-21 11:47:34-06:00,,,1,L21c21-1 rojo gómez - dr. gálvez,,3,42A76B,FFFFFF,,,,,,
metrobus,metrobus_vehicle_positions_enriched,2026-08-21T17:47:45Z,2026-08-21,20260821T174742Z,9532c566-c701-4a2b-85ec-9c265ead230d,,,,,,69463,1022,1230063,19.278762817382812,-99.16817474365234,235.0,0.0,0.0,,,,1787334455,2026-08-21 11:47:35-06:00,,,,,,,,,,,,,,
metrobus,metrobus_vehicle_positions_enriched,2026-08-21T17:47:45Z,2026-08-21,20260821T174742Z,bf202c28-917f-4b36-b32a-8ae2560a32e8,,19499,0.0,17:34:55,20260821,69968,1264,1230128,19.459524154663086,-99.1465835571289,216.0,8.0,28.8,,,,1787334448,2026-08-21 11:47:28-06:00,,,1,L01a07-1 indios verdes - el caminero,,3,D40D0D,FFFFFF,,,,,,
metrobus,metrobus_vehicle_positions_enriched,2026-08-21T17:47:45Z,2026-08-21,20260821T174742Z,063b482e-6782-478e-b3ca-6926bdb1bd78,,19498,1.0,16:33:40,20260821,69462,1021,1230062,19.44367027282715,-99.1542739868164,214.0,17.0,61.2,,,,1787334442,2026-08-21 11:47:22-06:00,,,1,L01a03-2 el caminero - buenavista,,3,D40D0D,FFFFFF,,,,,,
metrobus,metrobus_vehicle_positions_enriched,2026-08-21T17:47:45Z,2026-08-21,20260821T174742Z,e3b5e664-f2e9-4ca8-9fa3-31c354898b10,,19983,1.0,17:10:03,20260821,69694,2352,1250128,19.395893096923828,-99.15592956542969,949.0,29.0,104.4,,,,1787334448,2026-08-21 11:47:28-06:00,,,1,L21c21-2 dr. gálvez - rojo gómez,,3,42A76B,FFFFFF,,,,,,
metrobus,metrobus_vehicle_positions_enriched,2026-08-21T17:47:45Z,2026-08-21,20260821T174742Z,e1d7ffa7-4c6d-4b88-8c5d-98f50172c3b8,,,,,,69967,1263,1230127,19.321502685546875,-99.17273712158203,348.0,0.0,0.0,,,,1787334346,2026-08-21 11:45:46-06:00,,,,,,,,,,,,,,
metrobus,metrobus_vehicle_positions_enriched,2026-08-21T17:47:45Z,2026-08-21,20260821T174742Z,22e9d1d0-8bc5-40a3-b1c6-52485b196501,,19565,1.0,17:09:39,20260821,69693,2351,EXTRAVIADA,19.392009735107422,-99.05928039550781,850.0,56.0,201.6,,,,1787334454,2026-08-21 11:47:34-06:00,,,2,L02c02-2 etiopía l3 - tepalcates,,3,8D1A96,FFFFFF,,,,,,
metrobus,metrobus_vehicle_positions_enriched,2026-08-21T17:47:45Z,2026-08-21,20260821T174742Z,8cb7e4e5-7223-4878-bce4-156927850e98,,19498,1.0,17:40:25,20260821,69461,1020,1230061,19.290090560913086,-99.17375946044922,190.0,29.0,104.4,,,,1787334447,2026-08-21 11:47:27-06:00,,,1,L01a03-2 el caminero - buenavista,,3,D40D0D,FFFFFF,,,,,,
metrobus,metrobus_vehicle_positions_enriched,2026-08-21T17:47:45Z,2026-08-21,20260821T174742Z,64461225-325f-44d2-b5b0-755ae09328a5,,19499,0.0,17:27:45,20260821,69966,1262,1230123,19.446746826171875,-99.15316772460938,189.0,0.0,0.0,,,,1787334455,2026-08-21 11:47:35-06:00,,,1,L01a07-1 indios verdes - el caminero,,3,D40D0D,FFFFFF,,,,,,
metrobus,metrobus_vehicle_positions_enriched,2026-08-21T17:47:45Z,2026-08-21,20260821T174742Z,ffbe9a08-6b37-4e23-92ea-b240554c8c9d,,19562,1.0,17:41:58,20260821,70111,2350,1250010,19.4074649810791,-99.18445587158203,288.0,0.0,0.0,,,,1787334450,2026-08-21 11:47:30-06:00,,,2,L02c01-2 tacubaya - tepalcates,,3,8D1A96,FFFFFF,,,,,,
metrobus,metrobus_vehicle_positions_enriched,2026-08-21T17:47:45Z,2026-08-21,20260821T174742Z,0788740a-ec0b-4a08-a050-119cc7c9ac0f,,19500,1.0,16:33:22,20260821,69965,1261,1230116,19.452600479125977,-99.1519775390625,105.0,51.0,183.6,,,,1787334356,2026-08-21 11:45:56-06:00,,,1,L01a07-2 el caminero - indios verdes,,3,D40D0D,FFFFFF,,,,,,
metrobus,metrobus_vehicle_positions_enriched,2026-08-21T17:47:45Z,2026-08-21,20260821T174742Z,bfba1bd1-bcdd-4d92-a9a6-998b64070d15,,19500,1.0,16:22:21,20260821,69964,1260,1230143,19.46663475036621,-99.14057922363281,293.0,30.0,108.0,,,,1787334448,2026-08-21 11:47:28-06:00,,,1,L01a07-2 el caminero - indios verdes,,3,D40D0D,FFFFFF,,,,,,
metrobus,metrobus_vehicle_positions_enriched,2026-08-21T17:47:45Z,2026-08-21,20260821T174742Z,65bbb1dd-d136-4318-903a-6b11aec745e6,,19497,0.0,17:41:22,20260821,69460,1019,1230060,19.440099716186523,-99.15560150146484,202.0,0.0,0.0,,,,1787334448,2026-08-21 11:47:28-06:00,,,1,L01a03-1 buenavista - el caminero,,3,D40D0D,FFFFFF,,,,,,
metrobus,metrobus_vehicle_positions_enriched,2026-08-21T17:47:45Z,2026-08-21,20260821T174742Z,d8cb72e8-db76-48b1-adc8-2ee393297678,,19497,0.0,16:29:29,20260821,69459,1018,1230059,19.281312942504883,-99.17232513427734,114.0,58.0,208.8,,,,1787334442,2026-08-21 11:47:22-06:00,,,1,L01a03-1 buenavista - el caminero,,3,D40D0D,FFFFFF,,,,,,
metrobus,metrobus_vehicle_positions_enriched,2026-08-21T17:47:45Z,2026-08-21,20260821T174742Z,b4e6aec8-3319-431d-9122-da22cf57d8bc,,19564,0.0,16:54:55,20260821,70110,2349,1250027,19.39530372619629,-99.14703369140625,273.0,11.0,39.6,,,,1787334444,2026-08-21 11:47:24-06:00,,,2,L02c02-1 tepalcates - etiopía l3,,3,8D1A96,FFFFFF,,,,,,
metrobus,metrobus_vehicle_positions_enriched,2026-08-21T17:47:45Z,2026-08-21,20260821T174742Z,58c4220c-dcbc-47ea-9157-34aa7c78ba36,,19564,0.0,16:34:37,20260821,70109,2348,1250026,19.386558532714844,-99.05987548828125,430.0,0.0,0.0,,,,1787334447,2026-08-21 11:47:27-06:00,,,2,L02c02-1 tepalcates - etiopía l3,,3,8D1A96,FFFFFF,,,,,,
metrobus,metrobus_vehicle_positions_enriched,2026-08-21T17:47:45Z,2026-08-21,20260821T174742Z,b9b4df2a-a479-4779-8241-c70ef858bf25,,19497,0.0,17:07:21,20260821,69963,1259,1230142,19.37394905090332,-99.17888641357422,196.0,0.0,0.0,,,,1787334451,2026-08-21 11:47:31-06:00,,,1,L01a03-1 buenavista - el caminero,,3,D40D0D,FFFFFF,,,,,,
metrobus,metrobus_vehicle_positions_enriched,2026-08-21T17:47:45Z,2026-08-21,20260821T174742Z,ca616e59-c68a-4971-9d0d-7980d7b1f210,,19562,1.0,17:47:16,20260821,70108,2347,1250025,19.401653289794922,-99.1866683959961,247.0,0.0,0.0,,,,1787334450,2026-08-21 11:47:30-06:00,,,2,L02c01-2 tacubaya - tepalcates,,3,8D1A96,FFFFFF,,,,,,
metrobus,metrobus_vehicle_positions_enriched,2026-08-21T17:47:45Z,2026-08-21,20260821T174742Z,6ed1f401-312c-4512-bc9c-254612deb4a8,,19497,0.0,16:41:17,20260821,69962,1258,1230141,19.294490814208984,-99.18218231201172,114.0,40.0,144.0,,,,1787334453,2026-08-21 11:47:33-06:00,,,1,L01a03-1 buenavista - el caminero,,3,D40D0D,FFFFFF,,,,,,
metrobus,metrobus_vehicle_positions_enriched,2026-08-21T17:47:45Z,2026-08-21,20260821T174742Z,65f571b7-b843-463c-923c-95f418798149,,19564,0.0,16:56:58,20260821,70107,2346,1250024,19.386619567871094,-99.05992126464844,690.0,0.0,0.0,,,,1787334447,2026-08-21 11:47:27-06:00,,,2,L02c02-1 tepalcates - etiopía l3,,3,8D1A96,FFFFFF,,,,,,
metrobus,metrobus_vehicle_positions_enriched,2026-08-21T17:47:45Z,2026-08-21,20260821T174742Z,a0689699-b454-4cba-a2f4-1efaa9e646c0,,19499,0.0,16:40:12,20260821,69961,1257,1230132,19.34778594970703,-99.18745422363281,196.0,38.0,136.8,,,,1787334449,2026-08-21 11:47:29-06:00,,,1,L01a07-1 indios verdes - el caminero,,3,D40D0D,FFFFFF,,,,,,
metrobus,metrobus_vehicle_positions_enriched,2026-08-21T17:47:45Z,2026-08-21,20260821T174742Z,c9ebda71-981f-41e0-9c6d-a56d2b4fa555,,,,,,70002,1015,1210367,19.385635375976562,-99.04570007324219,119.0,0.0,0.0,,,,1787269966,2026-08-20 17:52:46-06:00,,,,,,,,,,,,,,
metrobus,metrobus_vehicle_positions_enriched,2026-08-21T17:47:45Z,2026-08-21,20260821T174742Z,e1c725c7-7a7f-4a1e-a805-67decf5f3c51,,,,,,69960,1256,1230130,19.27861785888672,-99.16844177246094,234.0,0.0,0.0,,,,1787334444,2026-08-21 11:47:24-06:00,,,,,,,,,,,,,,
metrobus,metrobus_vehicle_positions_enriched,2026-08-21T17:47:45Z,2026-08-21,20260821T174742Z,cfb10ea9-a9dd-451b-86b4-5909c1c2b858,,,,,,69915,830,1280094,19.472488403320312,-99.12336730957031,200.0,28.0,100.8,,,,1787320543,2026-08-21 07:55:43-06:00,,,,,,,,,,,,,,
metrobus,metrobus_vehicle_positions_enriched,2026-08-21T17:47:45Z,2026-08-21,20260821T174742Z,66688c31-8d9c-4db7-93d6-5662a7311da7,,19567,1.0,17:06:14,20260821,70079,2345,1250022,19.391498565673828,-99.08686065673828,125.0,0.0,0.0,,,,1787334445,2026-08-21 11:47:25-06:00,,,2,L02c03-2 col. del valle - tepalcates,,3,8D1A96,FFFFFF,,,,,,
metrobus,metrobus_vehicle_positions_enriched,2026-08-21T17:47:45Z,2026-08-21,20260821T174742Z,b88f124d-49f1-4e39-9935-d3e3ef9932e7,,,,,,70078,2344,1250023,19.40209197998047,-99.18709564208984,291.0,0.0,0.0,,,,1787334450,2026-08-21 11:47:30-06:00,,,,,,,,,,,,,,
metrobus,metrobus_vehicle_positions_enriched,2026-08-21T17:47:45Z,2026-08-21,20260821T174742Z,0f681603-c719-4a56-bddd-c56f25778323,,19499,0.0,16:52:51,20260821,69959,1255,1230125,19.376787185668945,-99.17800903320312,196.0,11.0,39.6,,,,1787334451,2026-08-21 11:47:31-06:00,,,1,L01a07-1 indios verdes - el caminero,,3,D40D0D,FFFFFF,,,,,,
metrobus,metrobus_vehicle_positions_enriched,2026-08-21T17:47:45Z,2026-08-21,20260821T174742Z,d836b912-b49a-4406-9054-a02a32c1a2a7,,,,,,69916,831,1280095,19.508258819580078,-99.17233276367188,0.0,0.0,0.0,,,,1783982889,2026-07-13 16:48:09-06:00,,,,,,,,,,,,,,
metrobus,metrobus_vehicle_positions_enriched,2026-08-21T17:47:45Z,2026-08-21,20260821T174742Z,b8cf6ea7-2ea7-4704-842f-70ee30afdb57,,19563,0.0,17:07:24,20260821,70077,2343,1250021,19.398143768310547,-99.12625122070312,267.0,39.0,140.4,,,,1787334457,2026-08-21 11:47:37-06:00,,,2,L02c01-1 tepalcates - tacubaya,,3,8D1A96,FFFFFF,,,,,,
metrobus,metrobus_vehicle_positions_enriched,2026-08-21T17:47:45Z,2026-08-21,20260821T174742Z,17ba4f82-6fc3-415a-93be-6f7707be2d14,,,,,,69917,832,1280096,19.464366912841797,-99.12641906738281,192.0,0.0,0.0,,,,1787334451,2026-08-21 11:47:31-06:00,,,,,,,,,,,,,,
metrobus,metrobus_vehicle_positions_enriched,2026-08-21T17:47:45Z,2026-08-21,20260821T174742Z,eb2b8261-bcd3-4a2c-b6d9-fbc98ec6bc6c,,,,,,69958,1254,1230124,19.32158660888672,-99.17267608642578,347.0,0.0,0.0,,,,1787333055,2026-08-21 11:24:15-06:00,,,,,,,,,,,,,,
metrobus,metrobus_vehicle_positions_enriched,2026-08-21T17:47:45Z,2026-08-21,20260821T174742Z,064f2fd4-ad89-4576-b424-8df84006a327,,19576,0.0,17:44:04,20260821,69918,833,1280097,19.48224449157715,-99.11972045898438,200.0,39.0,140.4,,,,1787334440,2026-08-21 11:47:20-06:00,,,7,L07h01-1 indios verdes - campo marte,,3,116633,FFFFFF,,,,,,
metrobus,metrobus_vehicle_positions_enriched,2026-08-21T17:47:45Z,2026-08-21,20260821T174742Z,f91cedcc-96f9-4cc2-9d95-666c7cc23d76,,,,,,69919,834,1280098,19.487228393554688,-99.11390686035156,263.0,20.0,72.0,,,,1787334451,2026-08-21 11:47:31-06:00,,,,,,,,,,,,,,
metrobus,metrobus_vehicle_positions_enriched,2026-08-21T17:47:45Z,2026-08-21,20260821T174742Z,6a8811ee-369b-4f2f-9734-915625fa0299,,19577,1.0,17:12:36,20260821,69920,835,1280099,19.4505558013916,-99.13275146484375,369.0,3.0,10.8,,,,1787334450,2026-08-21 11:47:30-06:00,,,7,L07h01-2 campo marte - indios verdes,,3,116633,FFFFFF,,,,,,
metrobus,metrobus_vehicle_positions_enriched,2026-08-21T17:47:45Z,2026-08-21,20260821T174742Z,bbaec6f4-c55b-4dd2-8a1b-882d4699c1a0,,,,,,69921,836,1280100,19.468238830566406,-99.12493896484375,247.0,15.0,54.0,,,,1787334450,2026-08-21 11:47:30-06:00,,,,,,,,,,,,,,
metrobus,metrobus_vehicle_positions_enriched,2026-08-21T17:47:45Z,2026-08-21,20260821T174742Z,a575aac2-a4db-4833-8ba4-afc614f9442c,,,,,,69922,837,1280101,19.508237838745117,-99.17214965820312,0.0,0.0,0.0,,,,1786739284,2026-08-14 14:28:04-06:00,,,,,,,,,,,,,,
metrobus,metrobus_vehicle_positions_enriched,2026-08-21T17:47:45Z,2026-08-21,20260821T174742Z,38a007d3-452a-420d-86f5-99e9a44dfe5b,,,,,,69923,838,1280152,19.5082950592041,-99.17259216308594,0.0,0.0,0.0,,,,1784918918,2026-07-24 12:48:38-06:00,,,,,,,,,,,,,,
metrobus,metrobus_vehicle_positions_enriched,2026-08-21T17:47:45Z,2026-08-21,20260821T174742Z,8bac4d7e-0f50-4ee2-a020-9038f886f4e0,,19576,0.0,16:58:24,20260821,69924,839,1280153,19.425302505493164,-99.17151641845703,254.0,36.0,129.6,,,,1787334441,2026-08-21 11:47:21-06:00,,,7,L07h01-1 indios verdes - campo marte,,3,116633,FFFFFF,,,,,,
metrobus,metrobus_vehicle_positions_enriched,2026-08-21T17:47:45Z,2026-08-21,20260821T174742Z,f177c6d1-091c-426a-8cea-93bea8070424,,19491,1.0,17:11:39,20260821,69474,1033,1230074,19.4150333404541,-99.16551208496094,169.0,12.0,43.2,,,,1787334445,2026-08-21 11:47:25-06:00,,,1,L01a01-2 dr. gálvez - indios verdes,,3,D40D0D,FFFFFF,,,,,,
metrobus,metrobus_vehicle_positions_enriched,2026-08-21T17:47:45Z,2026-08-21,20260821T174742Z,1c7986eb-93ed-45e9-acc0-2c5d1db74b30,,19564,0.0,17:10:57,20260821,69706,2364,1250137,19.39841079711914,-99.11319732666016,268.0,0.0,0.0,,,,1787334447,2026-08-21 11:47:27-06:00,,,2,L02c02-1 tepalcates - etiopía l3,,3,8D1A96,FFFFFF,,,,,,
metrobus,metrobus_vehicle_positions_enriched,2026-08-21T17:47:45Z,2026-08-21,20260821T174742Z,89857f16-35d0-4ec0-85ed-d690df7cbe31,,,,,,69705,2363,1250121,19.390533447265625,-99.0473403930664,297.0,0.0,0.0,,,,1787334442,2026-08-21 11:47:22-06:00,,,,,,,,,,,,,,
metrobus,metrobus_vehicle_positions_enriched,2026-08-21T17:47:45Z,2026-08-21,20260821T174742Z,0a3bf86a-34ab-4e62-a3ce-1033435c200c,,19492,0.0,17:33:33,20260821,69473,1032,1230073,19.448823928833008,-99.15280151367188,189.0,39.0,140.4,,,,1787334441,2026-08-21 11:47:21-06:00,,,1,L01a01-1 indios verdes - dr. gálvez,,3,D40D0D,FFFFFF,,,,,,
metrobus,metrobus_vehicle_positions_enriched,2026-08-21T17:47:45Z,2026-08-21,20260821T174742Z,1f301fab-4476-4c55-9259-ba2ab5337de8,,19564,0.0,17:34:13,20260821,69704,2362,1250120,19.388750076293945,-99.0592269897461,336.0,0.0,0.0,,,,1787334452,2026-08-21 11:47:32-06:00,,,2,L02c02-1 tepalcates - etiopía l3,,3,8D1A96,FFFFFF,,,,,,
metrobus,metrobus_vehicle_positions_enriched,2026-08-21T17:47:45Z,2026-08-21,20260821T174742Z,615a5091-e395-4f84-8f01-b3814a32ac9e,,19500,1.0,16:54:59,20260821,69472,1031,1230072,19.407594680786133,-99.16795349121094,183.0,34.0,122.4,,,,1787334403,2026-08-21 11:46:43-06:00,,,1,L01a07-2 el caminero - indios verdes,,3,D40D0D,FFFFFF,,,,,,
metrobus,metrobus_vehicle_positions_enriched,2026-08-21T17:47:45Z,2026-08-21,20260821T174742Z,49f92efe-124c-4a4c-b59b-d338eea78b51,,19566,0.0,17:32:00,20260821,69703,2361,1250033,19.386188507080078,-99.07144927978516,298.0,17.0,61.2,,,,1787334424,2026-08-21 11:47:04-06:00,,,2,L02c03-1 tepalcates - col. del valle,,3,8D1A96,FFFFFF,,,,,,
metrobus,metrobus_vehicle_positions_enriched,2026-08-21T17:47:45Z,2026-08-21,20260821T174742Z,6c5d957b-5f7a-4d04-81da-1c4aa79bac3e,,,,,,69471,1030,1230071,19.341419219970703,-99.18987274169922,189.0,10.0,36.0,,,,1787285860,2026-08-20 22:17:40-06:00,,,,,,,,,,,,,,
metrobus,metrobus_vehicle_positions_enriched,2026-08-21T17:47:45Z,2026-08-21,20260821T174742Z,abf077c4-ba76-4a69-a3e7-d1d55b5388cf,,19567,1.0,16:48:03,20260821,69702,2360,1250136,19.397050857543945,-99.0567398071289,119.0,12.0,43.2,,,,1787334452,2026-08-21 11:47:32-06:00,,,2,L02c03-2 col. del valle - tepalcates,,3,8D1A96,FFFFFF,,,,,,
metrobus,metrobus_vehicle_positions_enriched,2026-08-21T17:47:45Z,2026-08-21,20260821T174742Z,1250ab6f-5214-4e79-ae06-77bb283e8688,,,,,,69470,1029,1230070,19.500276565551758,-99.1196517944336,0.0,0.0,0.0,,,,1787331212,2026-08-21 10:53:32-06:00,,,,,,,,,,,,,,
metrobus,metrobus_vehicle_positions_enriched,2026-08-21T17:47:45Z,2026-08-21,20260821T174742Z,580524e8-d924-4d5d-9335-fdc9eb430066,,19500,1.0,16:38:17,20260821,69469,1028,1230069,19.43258285522461,-99.1588134765625,222.0,23.0,82.8,,,,1787334449,2026-08-21 11:47:29-06:00,,,1,L01a07-2 el caminero - indios verdes,,3,D40D0D,FFFFFF,,,,,,
metrobus,metrobus_vehicle_positions_enriched,2026-08-21T17:47:45Z,2026-08-21,20260821T174742Z,db6f0301-10a9-494d-95ae-219acca7cd22,,19562,1.0,16:45:48,20260821,69701,2359,1250135,19.392662048339844,-99.0494613647461,121.0,46.0,165.6,,,,1787334452,2026-08-21 11:47:32-06:00,,,2,L02c01-2 tacubaya - tepalcates,,3,8D1A96,FFFFFF,,,,,,
metrobus,metrobus_vehicle_positions_enriched,2026-08-21T17:47:45Z,2026-08-21,20260821T174742Z,0c56d578-90dd-42fd-bdc8-0d944240aef5,,19494,0.0,16:53:02,20260821,69468,1027,1230068,19.49990463256836,-99.11962127685547,141.0,0.0,0.0,,,,1787334444,2026-08-21 11:47:24-06:00,,,1,L01a02-1 indios verdes - insurgentes,,3,D40D0D,FFFFFF,,,,,,
metrobus,metrobus_vehicle_positions_enriched,2026-08-21T17:47:45Z,2026-08-21,20260821T174742Z,f4748d99-7e47-460d-80fd-21eab5d3d1ff,,19562,1.0,17:09:04,20260821,69700,2358,1250133,19.396825790405273,-99.09954833984375,936.0,10.0,36.0,,,,1787334448,2026-08-21 11:47:28-06:00,,,2,L02c01-2 tacubaya - tepalcates,,3,8D1A96,FFFFFF,,,,,,
metrobus,metrobus_vehicle_positions_enriched,2026-08-21T17:47:45Z,2026-08-21,20260821T174742Z,89944961-57f6-46cc-8248-c2706085d700,,19497,0.0,17:31:11,20260821,69467,1026,1230067,19.41963005065918,-99.16419982910156,196.0,7.0,25.2,,,,1787334450,2026-08-21 11:47:30-06:00,,,1,L01a03-1 buenavista - el caminero,,3,D40D0D,FFFFFF,,,,,,
metrobus,metrobus_vehicle_positions_enriched,2026-08-21T17:47:45Z,2026-08-21,20260821T174742Z,60faf820-fe3d-4304-bebe-6c9f01485a5d,,19576,0.0,17:26:11,20260821,69925,840,1280154,19.452699661254883,-99.1313705444336,217.0,39.0,140.4,,,,1787334451,2026-08-21 11:47:31-06:00,,,7,L07h01-1 indios verdes - campo marte,,3,116633,FFFFFF,,,,,,
metrobus,metrobus_vehicle_positions_enriched,2026-08-21T17:47:45Z,2026-08-21,20260821T174742Z,00e2ec14-0653-4514-8dde-b98811393d3a,,19566,0.0,17:21:34,20260821,69699,2357,1250129,19.393810272216797,-99.09010314941406,308.0,29.0,104.4,,,,1787334452,2026-08-21 11:47:32-06:00,,,2,L02c03-1 tepalcates - col. del valle,,3,8D1A96,FFFFFF,,,,,,
metrobus,metrobus_vehicle_positions_enriched,2026-08-21T17:47:45Z,2026-08-21,20260821T174742Z,2a7349c2-9924-4ef4-9f28-025177df9437,,19577,1.0,16:56:21,20260821,69926,841,1280155,19.47340965270996,-99.12297821044922,222.0,14.0,50.4,,,,1787334455,2026-08-21 11:47:35-06:00,,,7,L07h01-2 campo marte - indios verdes,,3,116633,FFFFFF,,,,,,
metrobus,metrobus_vehicle_positions_enriched,2026-08-21T17:47:45Z,2026-08-21,20260821T174742Z,41bb1843-cb06-4a95-a1cc-ce45355efd6f,,,,,,69698,2356,1250132,19.391250610351562,-99.04805755615234,0.0,0.0,0.0,,,,1787332859,2026-08-21 11:20:59-06:00,,,,,,,,,,,,,,
metrobus,metrobus_vehicle_positions_enriched,2026-08-21T17:47:45Z,2026-08-21,20260821T174742Z,52a8a00f-4213-4f60-a1f2-f347159b9bec,,19491,1.0,17:46:39,20260821,69466,1025,1230066,19.34217643737793,-99.18946838378906,187.0,7.0,25.2,,,,1787334444,2026-08-21 11:47:24-06:00,,,1,L01a01-2 dr. gálvez - indios verdes,,3,D40D0D,FFFFFF,,,,,,
metrobus,metrobus_vehicle_positions_enriched,2026-08-21T17:47:45Z,2026-08-21,20260821T174742Z,4046abac-0384-4b18-8ca9-fa3af4954fca,,19498,1.0,17:36:06,20260821,69971,1267,1230131,19.3062744140625,-99.183349609375,588.0,44.0,158.4,,,,1787334398,2026-08-21 11:46:38-06:00,,,1,L01a03-2 el caminero - buenavista,,3,D40D0D,FFFFFF,,,,,,
metrobus,metrobus_vehicle_positions_enriched,2026-08-21T17:47:45Z,2026-08-21,20260821T174742Z,59215134-2e76-401a-a4ea-4a3b9d755d49,,19500,1.0,17:37:55,20260821,69970,1266,1230113,19.29532241821289,-99.18368530273438,282.0,47.0,169.20000000000002,,,,1787334447,2026-08-21 11:47:27-06:00,,,1,L01a07-2 el caminero - indios verdes,,3,D40D0D,FFFFFF,,,,,,
metrobus,metrobus_vehicle_positions_enriched,2026-08-21T17:47:45Z,2026-08-21,20260821T174742Z,138de2ef-43f1-4b7e-84ec-4fe44451bfdf,,19577,1.0,17:32:26,20260821,69927,842,1280156,19.4280948638916,-99.16519927978516,637.0,0.0,0.0,,,,1787334450,2026-08-21 11:47:30-06:00,,,7,L07h01-2 campo marte - indios verdes,,3,116633,FFFFFF,,,,,,
metrobus,metrobus_vehicle_positions_enriched,2026-08-21T17:47:45Z,2026-08-21,20260821T174742Z,6dd4925f-e565-4119-a618-28f44bb9653b,,,,,,69465,1024,1230065,19.49763298034668,-99.11947631835938,193.0,0.0,0.0,,,,1787334454,2026-08-21 11:47:34-06:00,,,,,,,,,,,,,,
metrobus,metrobus_vehicle_positions_enriched,2026-08-21T17:47:45Z,2026-08-21,20260821T174742Z,4523ef0f-da20-491a-a275-c56f88ebdad9,,19564,0.0,17:22:37,20260821,69697,2355,1250131,19.389148712158203,-99.05936431884766,321.0,0.0,0.0,,,,1787333936,2026-08-21 11:38:56-06:00,,,2,L02c02-1 tepalcates - etiopía l3,,3,8D1A96,FFFFFF,,,,,,
metrobus,metrobus_vehicle_positions_enriched,2026-08-21T17:47:45Z,2026-08-21,20260821T174742Z,9a3b8f51-e65f-45c1-81de-164e1d9bbe7b,,19563,0.0,17:09:34,20260821,69696,2354,1250130,19.398115158081055,-99.12478637695312,268.0,0.0,0.0,,,,1787334449,2026-08-21 11:47:29-06:00,,,2,L02c01-1 tepalcates - tacubaya,,3,8D1A96,FFFFFF,,,,,,
metrobus,metrobus_vehicle_positions_enriched,2026-08-21T17:47:45Z,2026-08-21,20260821T174742Z,acfe7244-96e6-4ca9-b044-81fef9a47e00,,19558,1.0,17:14:21,20260821,69544,601,1280001,19.373868942260742,-99.1075668334961,357.0,34.0,122.4,,,,1787334450,2026-08-21 11:47:30-06:00,,,5,L05f05-2 preparatoria 1 - río de los remedios,,3,141982,FFFFFF,,,,,,
metrobus,metrobus_vehicle_positions_enriched,2026-08-21T17:47:45Z,2026-08-21,20260821T174742Z,81fb01b0-57ba-4387-ab72-c03e790d5c57,,19493,1.0,17:27:42,20260821,69464,1023,1230064,19.476713180541992,-99.13220977783203,384.0,0.0,0.0,,,,1787334448,2026-08-21 11:47:28-06:00,,,1,L01a02-2 insurgentes - indios verdes,,3,D40D0D,FFFFFF,,,,,,
metrobus,metrobus_vehicle_positions_enriched,2026-08-21T17:47:45Z,2026-08-21,20260821T174742Z,e613a260-32cc-410a-82d8-2c24e910e7ec,,19576,0.0,17:06:19,20260821,69928,843,1280157,19.430999755859375,-99.15956115722656,230.0,0.0,0.0,,,,1787334449,2026-08-21 11:47:29-06:00,,,7,L07h01-1 indios verdes - campo marte,,3,116633,FFFFFF,,,,,,
metrobus,metrobus_vehicle_positions_enriched,2026-08-21T17:47:45Z,2026-08-21,20260821T174742Z,8a0096b7-c8d9-4ec2-ae56-38cc4d590004,,,,,,69545,602,1280002,19.48674964904785,-99.09183502197266,116.0,0.0,0.0,,,,1787332048,2026-08-21 11:07:28-06:00,,,,,,,,,,,,,,
metrobus,metrobus_vehicle_positions_enriched,2026-08-21T17:47:45Z,2026-08-21,20260821T174742Z,314c8cb3-ec16-4577-a979-4e7c938a22a7,,19577,1.0,17:40:30,20260821,69929,844,1280158,19.42416000366211,-99.18240356445312,997.0,47.0,169.20000000000002,,,,1787334452,2026-08-21 11:47:32-06:00,,,7,L07h01-2 campo marte - indios verdes,,3,116633,FFFFFF,,,,,,
metrobus,metrobus_vehicle_positions_enriched,2026-08-21T17:47:45Z,2026-08-21,20260821T174742Z,65f84e9b-d5f4-4caf-9fce-bd7322941475,,,,,,69930,845,1280159,19.50821876525879,-99.17251586914062,0.0,0.0,0.0,,,,1784540061,2026-07-20 03:34:21-06:00,,,,,,,,,,,,,,
metrobus,metrobus_vehicle_positions_enriched,2026-08-21T17:47:45Z,2026-08-21,20260821T174742Z,35537c55-112f-4191-a279-19fbcda3955e,,19559,0.0,17:15:15,20260821,69546,603,1280003,19.41118621826172,-99.11300659179688,185.0,45.0,162.0,,,,1787334446,2026-08-21 11:47:26-06:00,,,5,L05f05-1 río de los remedios - preparatoria 1,,3,141982,FFFFFF,,,,,,
metrobus,metrobus_vehicle_positions_enriched,2026-08-21T17:47:45Z,2026-08-21,20260821T174742Z,c626a3b6-bf69-4324-8c9b-a3d2020d3601,,,,,,69931,846,1280160,19.508127212524414,-99.1729736328125,0.0,0.0,0.0,,,,1787298999,2026-08-21 01:56:39-06:00,,,,,,,,,,,,,,
metrobus,metrobus_vehicle_positions_enriched,2026-08-21T17:47:45Z,2026-08-21,20260821T174742Z,2187618a-ee8f-4ca5-a384-2c0dc6197116,,19559,0.0,17:04:00,20260821,69548,605,1280005,19.36262321472168,-99.11001586914062,191.0,37.0,133.20000000000002,,,,1787334447,2026-08-21 11:47:27-06:00,,,5,L05f05-1 río de los remedios - preparatoria 1,,3,141982,FFFFFF,,,,,,
metrobus,metrobus_vehicle_positions_enriched,2026-08-21T17:47:45Z,2026-08-21,20260821T174742Z,cbcf3139-ecca-435d-8947-56e970e8e14e,,,,,,69933,848,1280162,19.426713943481445,-99.19928741455078,101.0,0.0,0.0,,,,1787334442,2026-08-21 11:47:22-06:00,,,,,,,,,,,,,,
metrobus,metrobus_vehicle_positions_enriched,2026-08-21T17:47:45Z,2026-08-21,20260821T174742Z,f1112779-28b6-4838-9786-564f90f65ee2,,19559,0.0,16:54:22,20260821,69549,606,1280006,19.34282112121582,-99.11255645751953,192.0,0.0,0.0,,,,1787334456,2026-08-21 11:47:36-06:00,,,5,L05f05-1 río de los remedios - preparatoria 1,,3,141982,FFFFFF,,,,,,
metrobus,metrobus_vehicle_positions_enriched,2026-08-21T17:47:45Z,2026-08-21,20260821T174742Z,4bc036de-0a92-4960-b0d1-2063a58384d9,,19558,1.0,17:39:33,20260821,69550,607,1280007,19.296716690063477,-99.11437225341797,720.0,34.0,122.4,,,,1787334440,2026-08-21 11:47:20-06:00,,,5,L05f05-2 preparatoria 1 - río de los remedios,,3,141982,FFFFFF,,,,,,
metrobus,metrobus_vehicle_positions_enriched,2026-08-21T17:47:45Z,2026-08-21,20260821T174742Z,b111fb63-f0d2-4152-b764-7e5dd86dbb5d,,19559,0.0,16:48:10,20260821,69552,609,1280009,19.32613182067871,-99.1138687133789,185.0,31.0,111.60000000000001,,,,1787334438,2026-08-21 11:47:18-06:00,,,5,L05f05-1 río de los remedios - preparatoria 1,,3,141982,FFFFFF,,,,,,
metrobus,metrobus_vehicle_positions_enriched,2026-08-21T17:47:45Z,2026-08-21,20260821T174742Z,43c447de-c508-49c4-b210-481b7422b440,,19562,1.0,17:05:06,20260821,69717,2375,1250118,19.3950138092041,-99.09207153320312,125.0,19.0,68.4,,,,1787334452,2026-08-21 11:47:32-06:00,,,2,L02c01-2 tacubaya - tepalcates,,3,8D1A96,FFFFFF,,,,,,
metrobus,metrobus_vehicle_positions_enriched,2026-08-21T17:47:45Z,2026-08-21,20260821T174742Z,42f663a2-8965-4643-abf8-2cb9a98ba193,,19500,1.0,17:22:09,20260821,69485,1044,1230085,19.34840965270996,-99.18712615966797,168.0,34.0,122.4,,,,1787334444,2026-08-21 11:47:24-06:00,,,1,L01a07-2 el caminero - indios verdes,,3,D40D0D,FFFFFF,,,,,,
metrobus,metrobus_vehicle_positions_enriched,2026-08-21T17:47:45Z,2026-08-21,20260821T174742Z,9f445141-682f-48d6-aa94-bc528a048a96,,19565,1.0,17:30:34,20260821,69716,2374,1250039,19.398317337036133,-99.11304473876953,881.0,0.0,0.0,,,,1787334454,2026-08-21 11:47:34-06:00,,,2,L02c02-2 etiopía l3 - tepalcates,,3,8D1A96,FFFFFF,,,,,,
metrobus,metrobus_vehicle_positions_enriched,2026-08-21T17:47:45Z,2026-08-21,20260821T174742Z,8f86c41e-a3a0-4ab2-b790-aec81752a3d6,,19492,0.0,17:46:34,20260821,69484,1043,1230084,19.490657806396484,-99.12217712402344,222.0,56.0,201.6,,,,1787334446,2026-08-21 11:47:26-06:00,,,1,L01a01-1 indios verdes - dr. gálvez,,3,D40D0D,FFFFFF,,,,,,
metrobus,metrobus_vehicle_positions_enriched,2026-08-21T17:47:45Z,2026-08-21,20260821T174742Z,b441c86a-50a3-423e-ae9e-4b1526601f23,,19498,1.0,17:24:29,20260821,69483,1042,1230083,19.34151840209961,-99.18965148925781,238.0,5.0,18.0,,,,1787334441,2026-08-21 11:47:21-06:00,,,1,L01a03-2 el caminero - buenavista,,3,D40D0D,FFFFFF,,,,,,
metrobus,metrobus_vehicle_positions_enriched,2026-08-21T17:47:45Z,2026-08-21,20260821T174742Z,c7225791-45ff-4aba-90bc-54a8ddc36b66,,19566,0.0,17:11:56,20260821,69715,2373,1250038,19.39840316772461,-99.11298370361328,271.0,0.0,0.0,,,,1787334455,2026-08-21 11:47:35-06:00,,,2,L02c03-1 tepalcates - col. del valle,,3,8D1A96,FFFFFF,,,,,,
metrobus,metrobus_vehicle_positions_enriched,2026-08-21T17:47:45Z,2026-08-21,20260821T174742Z,942f97e0-6184-416d-b703-24781f66b951,,19567,1.0,17:00:14,20260821,69714,2372,1250037,19.383373260498047,-99.06551361083984,100.0,0.0,0.0,,,,1787334444,2026-08-21 11:47:24-06:00,,,2,L02c03-2 col. del valle - tepalcates,,3,8D1A96,FFFFFF,,,,,,
metrobus,metrobus_vehicle_positions_enriched,2026-08-21T17:47:45Z,2026-08-21,20260821T174742Z,9b74469d-189f-4865-8def-c76808f3bf1e,,19500,1.0,16:57:04,20260821,69482,1041,1230082,19.398052215576172,-99.17102813720703,152.0,0.0,0.0,,,,1787334453,2026-08-21 11:47:33-06:00,,,1,L01a07-2 el caminero - indios verdes,,3,D40D0D,FFFFFF,,,,,,
metrobus,metrobus_vehicle_positions_enriched,2026-08-21T17:47:45Z,2026-08-21,20260821T174742Z,f4ee9fa6-510a-4e9f-a954-2b1ee8bad0d8,,19563,0.0,17:47:03,20260821,69713,2371,1250036,19.389583587646484,-99.04923248291016,209.0,18.0,64.8,,,,1787334453,2026-08-21 11:47:33-06:00,,,2,L02c01-1 tepalcates - tacubaya,,3,8D1A96,FFFFFF,,,,,,
metrobus,metrobus_vehicle_positions_enriched,2026-08-21T17:47:45Z,2026-08-21,20260821T174742Z,3a7bbeea-9212-4344-918d-b31ffbb4b0a6,,19491,1.0,17:18:47,20260821,69481,1040,1230081,19.402103424072266,-99.16969299316406,16.0,0.0,0.0,,,,1787334450,2026-08-21 11:47:30-06:00,,,1,L01a01-2 dr. gálvez - indios verdes,,3,D40D0D,FFFFFF,,,,,,
metrobus,metrobus_vehicle_positions_enriched,2026-08-21T17:47:45Z,2026-08-21,20260821T174742Z,8a2137a2-8d38-4524-a11c-9991b06edb5a,,19567,1.0,17:15:37,20260821,69712,2370,1250035,19.397762298583984,-99.10907745361328,100.0,0.0,0.0,,,,1787334450,2026-08-21 11:47:30-06:00,,,2,L02c03-2 col. del valle - tepalcates,,3,8D1A96,FFFFFF,,,,,,
metrobus,metrobus_vehicle_positions_enriched,2026-08-21T17:47:45Z,2026-08-21,20260821T174742Z,7f99440a-9da2-420d-a703-6d393b328555,,19498,1.0,16:35:49,20260821,69480,1039,1230080,19.435596466064453,-99.15742492675781,231.0,0.0,0.0,,,,1787334442,2026-08-21 11:47:22-06:00,,,1,L01a03-2 el caminero - buenavista,,3,D40D0D,FFFFFF,,,,,,
metrobus,metrobus_vehicle_positions_enriched,2026-08-21T17:47:45Z,2026-08-21,20260821T174742Z,f369cc9e-5da4-4922-9f7e-1a22d1fda0a6,,19499,0.0,14:30:12,20260821,69479,1038,1230079,19.49968719482422,-99.11962127685547,60.0,0.0,0.0,,,,1787322948,2026-08-21 08:35:48-06:00,,,1,L01a07-1 indios verdes - el caminero,,3,D40D0D,FFFFFF,,,,,,
metrobus,metrobus_vehicle_positions_enriched,2026-08-21T17:47:45Z,2026-08-21,20260821T174742Z,2936d27d-0511-4195-8311-d00aa3e3513b,,19566,0.0,17:02:30,20260821,69711,2369,1250034,19.394472122192383,-99.14051055908203,278.0,0.0,0.0,,,,1787334447,2026-08-21 11:47:27-06:00,,,2,L02c03-1 tepalcates - col. del valle,,3,8D1A96,FFFFFF,,,,,,
metrobus,metrobus_vehicle_positions_enriched,2026-08-21T17:47:45Z,2026-08-21,20260821T174742Z,6bd16f79-bb2a-44f5-8015-bc99f826d1c3,,19566,0.0,17:43:39,20260821,69710,2368,ConPermisovencido,19.385955810546875,-99.053466796875,304.0,0.0,0.0,,,,1787334446,2026-08-21 11:47:26-06:00,,,2,L02c03-1 tepalcates - col. del valle,,3,8D1A96,FFFFFF,,,,,,
metrobus,metrobus_vehicle_positions_enriched,2026-08-21T17:47:45Z,2026-08-21,20260821T174742Z,0df3c490-a41e-4063-96d7-2fe2e99302ee,,19500,1.0,17:00:57,20260821,69478,1037,1230078,19.396099090576172,-99.1716537475586,15.0,0.0,0.0,,,,1787334454,2026-08-21 11:47:34-06:00,,,1,L01a07-2 el caminero - indios verdes,,3,D40D0D,FFFFFF,,,,,,
metrobus,metrobus_vehicle_positions_enriched,2026-08-21T17:47:45Z,2026-08-21,20260821T174742Z,eb05ed08-8f7a-47e1-84f4-06ec9442f392,,19566,0.0,17:23:32,20260821,69709,2367,ConPermisovencido,19.392370223999023,-99.08796691894531,305.0,34.0,122.4,,,,1787334443,2026-08-21 11:47:23-06:00,,,2,L02c03-1 tepalcates - col. del valle,,3,8D1A96,FFFFFF,,,,,,
metrobus,metrobus_vehicle_positions_enriched,2026-08-21T17:47:45Z,2026-08-21,20260821T174742Z,24c5c2e9-4a1e-4915-b416-95374f2c8f31,,19493,1.0,17:25:23,20260821,69477,1036,1230077,19.485448837280273,-99.12501525878906,375.0,46.0,165.6,,,,1787334449,2026-08-21 11:47:29-06:00,,,1,L01a02-2 insurgentes - indios verdes,,3,D40D0D,FFFFFF,,,,,,
metrobus,metrobus_vehicle_positions_enriched,2026-08-21T17:47:45Z,2026-08-21,20260821T174742Z,28c71592-f434-498b-aa1e-13c688113fd5,,19500,1.0,16:35:19,20260821,69476,1035,1230076,19.43604278564453,-99.15721130371094,234.0,0.0,0.0,,,,1787334458,2026-08-21 11:47:38-06:00,,,1,L01a07-2 el caminero - indios verdes,,3,D40D0D,FFFFFF,,,,,,
metrobus,metrobus_vehicle_positions_enriched,2026-08-21T17:47:45Z,2026-08-21,20260821T174742Z,ed330757-45a6-4a19-86ab-3db58fcb8f06,,19559,0.0,16:37:49,20260821,69554,611,1280011,19.306169509887695,-99.1119613647461,192.0,0.0,0.0,,,,1787334456,2026-08-21 11:47:36-06:00,,,5,L05f05-1 río de los remedios - preparatoria 1,,3,141982,FFFFFF,,,,,,
metrobus,metrobus_vehicle_positions_enriched,2026-08-21T17:47:45Z,2026-08-21,20260821T174742Z,12068fa5-f095-4e00-975d-1cb97bd313ef,,,,,,69708,2366,1250040,19.39118003845215,-99.04762268066406,119.0,0.0,0.0,,,,1787334456,2026-08-21 11:47:36-06:00,,,,,,,,,,,,,,
metrobus,metrobus_vehicle_positions_enriched,2026-08-21T17:47:45Z,2026-08-21,20260821T174742Z,4709be5a-90f0-4fc0-bfff-c799a74a3f10,,,,,,69555,612,1280012,19.273759841918945,-99.12018585205078,235.0,0.0,0.0,,,,1787334444,2026-08-21 11:47:24-06:00,,,,,,,,,,,,,,
metrobus,metrobus_vehicle_positions_enriched,2026-08-21T17:47:45Z,2026-08-21,20260821T174742Z,df486445-4790-4607-a721-b475412550f8,,19564,0.0,17:41:22,20260821,69707,2365,1250116,19.389833450317383,-99.05950164794922,266.0,5.0,18.0,,,,1787334444,2026-08-21 11:47:24-06:00,,,2,L02c02-1 tepalcates - etiopía l3,,3,8D1A96,FFFFFF,,,,,,
metrobus,metrobus_vehicle_positions_enriched,2026-08-21T17:47:45Z,2026-08-21,20260821T174742Z,0df3514d-edb6-4619-a506-505132583a3a,,19500,1.0,17:17:14,20260821,69475,1034,1230075,19.361967086791992,-99.18275451660156,185.0,0.0,0.0,,,,1787334442,2026-08-21 11:47:22-06:00,,,1,L01a07-2 el caminero - indios verdes,,3,D40D0D,FFFFFF,,,,,,
metrobus,metrobus_vehicle_positions_enriched,2026-08-21T17:47:45Z,2026-08-21,20260821T174742Z,9308e3ac-90f1-4cb7-8522-72c054f446f2,,,,,,69557,614,1280014,19.273448944091797,-99.12064361572266,234.0,0.0,0.0,,,,1787334451,2026-08-21 11:47:31-06:00,,,,,,,,,,,,,,
metrobus,metrobus_vehicle_positions_enriched,2026-08-21T17:47:45Z,2026-08-21,20260821T174742Z,267077be-7b8b-47e0-bea7-dc17c7408199,,,,,,69559,616,1280016,19.48749351501465,-99.09371948242188,164.0,5.0,18.0,,,,1787334452,2026-08-21 11:47:32-06:00,,,,,,,,,,,,,,
metrobus,metrobus_vehicle_positions_enriched,2026-08-21T17:47:45Z,2026-08-21,20260821T174742Z,261dc5c9-b676-4344-8d23-bd68e2cac019,,20295,0.0,17:27:48,20260821,69561,618,1280018,19.452083587646484,-99.14591217041016,194.0,30.0,108.0,,,,1787334441,2026-08-21 11:47:21-06:00,,,1,L31a31-1 indios verdes - pueblo sta cruz atoyac,,3,42A76B,FFFFFF,,,,,,
metrobus,metrobus_vehicle_positions_enriched,2026-08-21T17:47:45Z,2026-08-21,20260821T174742Z,8be13acd-9641-4904-b266-32134bb64f67,,20295,0.0,17:31:35,20260821,69562,619,1280019,19.452119827270508,-99.14588165283203,194.0,30.0,108.0,,,,1787334451,2026-08-21 11:47:31-06:00,,,1,L31a31-1 indios verdes - pueblo sta cruz atoyac,,3,42A76B,FFFFFF,,,,,,
metrobus,metrobus_vehicle_positions_enriched,2026-08-21T17:47:45Z,2026-08-21,20260821T174742Z,3fa5fc60-1c22-4271-bcb7-6311a649f6ba,,19499,0.0,16:26:16,20260821,70131,1055,1230154,19.298860549926758,-99.1854248046875,171.0,2.0,7.2,,,,1787334442,2026-08-21 11:47:22-06:00,,,1,L01a07-1 indios verdes - el caminero,,3,D40D0D,FFFFFF,,,,,,
metrobus,metrobus_vehicle_positions_enriched,2026-08-21T17:47:45Z,2026-08-21,20260821T174742Z,fe71519b-351b-445d-a1b8-55433444f417,,19564,0.0,17:32:59,20260821,69608,2386,003A019,19.38556671142578,-99.07029724121094,298.0,40.0,144.0,,,,1787334443,2026-08-21 11:47:23-06:00,,,2,L02c02-1 tepalcates - etiopía l3,,3,8D1A96,FFFFFF,,,,,,
metrobus,metrobus_vehicle_positions_enriched,2026-08-21T17:47:45Z,2026-08-21,20260821T174742Z,e2ad3aaa-dbd4-4a91-97f4-83f571989a41,,,,,,70130,1054,1230153,19.498762130737305,-99.11951446533203,192.0,8.0,28.8,,,,1787334446,2026-08-21 11:47:26-06:00,,,,,,,,,,,,,,
metrobus,metrobus_vehicle_positions_enriched,2026-08-21T17:47:45Z,2026-08-21,20260821T174742Z,8f28bf41-7544-43f3-a8c7-1a2e42de5bf9,,19564,0.0,17:43:29,20260821,69607,2385,003A023,19.38395881652832,-99.05400085449219,289.0,42.0,151.20000000000002,,,,1787334450,2026-08-21 11:47:30-06:00,,,2,L02c02-1 tepalcates - etiopía l3,,3,8D1A96,FFFFFF,,,,,,
metrobus,metrobus_vehicle_positions_enriched,2026-08-21T17:47:45Z,2026-08-21,20260821T174742Z,07ad07f4-b152-4239-89fb-f0238ed61854,,19563,0.0,16:41:05,20260821,69606,2384,003A025,19.406814575195312,-99.18084716796875,290.0,0.0,0.0,,,,1787334444,2026-08-21 11:47:24-06:00,,,2,L02c01-1 tepalcates - tacubaya,,3,8D1A96,FFFFFF,,,,,,
metrobus,metrobus_vehicle_positions_enriched,2026-08-21T17:47:45Z,2026-08-21,20260821T174742Z,56997270-ea00-4d71-adf8-e756e81bc738,,19500,1.0,17:31:00,20260821,70129,1053,1230152,19.319358825683594,-99.18802642822266,353.0,50.0,180.0,,,,1787334455,2026-08-21 11:47:35-06:00,,,1,L01a07-2 el caminero - indios verdes,,3,D40D0D,FFFFFF,,,,,,
metrobus,metrobus_vehicle_positions_enriched,2026-08-21T17:47:45Z,2026-08-21,20260821T174742Z,1a067f48-b049-4d30-b8b2-74fc83e0897f,,,,,,69722,2383,1250134,19.388559341430664,-99.0594711303711,0.0,0.0,0.0,,,,1787333756,2026-08-21 11:35:56-06:00,,,,,,,,,,,,,,
metrobus,metrobus_vehicle_positions_enriched,2026-08-21T17:47:45Z,2026-08-21,20260821T174742Z,9e04995e-cc74-4e8e-a489-3bbce14cc3cf,,19491,1.0,17:04:42,20260821,70128,1052,1230151,19.420501708984375,-99.163818359375,131.0,31.0,111.60000000000001,,,,1787334443,2026-08-21 11:47:23-06:00,,,1,L01a01-2 dr. gálvez - indios verdes,,3,D40D0D,FFFFFF,,,,,,
metrobus,metrobus_vehicle_positions_enriched,2026-08-21T17:47:45Z,2026-08-21,20260821T174742Z,b2e8374a-5a0c-4645-8524-548fe8d55788,,19562,1.0,17:20:10,20260821,69721,2382,1250125,19.397695541381836,-99.12952423095703,712.0,0.0,0.0,,,,1787334452,2026-08-21 11:47:32-06:00,,,2,L02c01-2 tacubaya - tepalcates,,3,8D1A96,FFFFFF,,,,,,
metrobus,metrobus_vehicle_positions_enriched,2026-08-21T17:47:45Z,2026-08-21,20260821T174742Z,e4951bdc-d9c0-49ed-b949-56546bd54929,,19491,1.0,17:29:24,20260821,70127,1051,1230150,19.379383087158203,-99.17705535888672,157.0,0.0,0.0,,,,1787334449,2026-08-21 11:47:29-06:00,,,1,L01a01-2 dr. gálvez - indios verdes,,3,D40D0D,FFFFFF,,,,,,
metrobus,metrobus_vehicle_positions_enriched,2026-08-21T17:47:45Z,2026-08-21,20260821T174742Z,b52e977c-b831-4ac4-8ee6-28070cc89ef4,,19491,1.0,16:59:42,20260821,69491,1050,1230091,19.431854248046875,-99.15913391113281,235.0,34.0,122.4,,,,1787334444,2026-08-21 11:47:24-06:00,,,1,L01a01-2 dr. gálvez - indios verdes,,3,D40D0D,FFFFFF,,,,,,
metrobus,metrobus_vehicle_positions_enriched,2026-08-21T17:47:45Z,2026-08-21,20260821T174742Z,ca55b713-3323-4436-a271-f2af9764fa90,,,,,,69720,2381,1250126,19.388723373413086,-99.059326171875,0.0,0.0,0.0,,,,1785820807,2026-08-03 23:20:07-06:00,,,,,,,,,,,,,,
metrobus,metrobus_vehicle_positions_enriched,2026-08-21T17:47:45Z,2026-08-21,20260821T174742Z,bc8bcd4b-5ad7-472e-a809-60e2435cb7fb,,19500,1.0,17:41:20,20260821,69490,1049,1230090,19.292774200439453,-99.17778778076172,293.0,19.0,68.4,,,,1787334456,2026-08-21 11:47:36-06:00,,,1,L01a07-2 el caminero - indios verdes,,3,D40D0D,FFFFFF,,,,,,
metrobus,metrobus_vehicle_positions_enriched,2026-08-21T17:47:45Z,2026-08-21,20260821T174742Z,121c2706-6e02-43b5-aa54-0ebe708d3322,,19562,1.0,16:51:56,20260821,69718,2379,1250115,19.386035919189453,-99.06026458740234,940.0,28.0,100.8,,,,1787334453,2026-08-21 11:47:33-06:00,,,2,L02c01-2 tacubaya - tepalcates,,3,8D1A96,FFFFFF,,,,,,
metrobus,metrobus_vehicle_positions_enriched,2026-08-21T17:47:45Z,2026-08-21,20260821T174742Z,ce506bad-433e-4e60-be7e-fccfe432dce5,,19558,1.0,17:42:01,20260821,69563,620,1280020,19.290372848510742,-99.11529541015625,810.0,32.0,115.2,,,,1787334453,2026-08-21 11:47:33-06:00,,,5,L05f05-2 preparatoria 1 - río de los remedios,,3,141982,FFFFFF,,,,,,
metrobus,metrobus_vehicle_positions_enriched,2026-08-21T17:47:45Z,2026-08-21,20260821T174742Z,4fd68379-b911-401c-9f41-21bc08fe7a05,,19492,0.0,16:48:55,20260821,69489,1048,1230089,19.369295120239258,-99.1805191040039,195.0,32.0,115.2,,,,1787334309,2026-08-21 11:45:09-06:00,,,1,L01a01-1 indios verdes - dr. gálvez,,3,D40D0D,FFFFFF,,,,,,
metrobus,metrobus_vehicle_positions_enriched,2026-08-21T17:47:45Z,2026-08-21,20260821T174742Z,7bee6428-63e6-46bd-b404-58381a25164e,,19500,1.0,16:27:03,20260821,69488,1047,1230088,19.461294174194336,-99.14501190185547,381.0,36.0,129.6,,,,1787334446,2026-08-21 11:47:26-06:00,,,1,L01a07-2 el caminero - indios verdes,,3,D40D0D,FFFFFF,,,,,,
metrobus,metrobus_vehicle_positions_enriched,2026-08-21T17:47:45Z,2026-08-21,20260821T174742Z,f6491f6f-807e-41d5-bb7f-658c87a13176,,20211,0.0,16:26:33,20260819,69564,621,1280021,19.486595153808594,-99.09204864501953,111.0,0.0,0.0,,,,1787157561,2026-08-19 10:39:21-06:00,,,5,L05f03-1 río de los remedios - las bombas,,3,141982,FFFFFF,,,,,,
metrobus,metrobus_vehicle_positions_enriched,2026-08-21T17:47:45Z,2026-08-21,20260821T174742Z,64d71689-3a54-4cab-bba7-43ed9ffdc3e7,,,,,,69605,2378,1250153,19.3889217376709,-99.05948638916016,0.0,0.0,0.0,,,,1786654431,2026-08-13 14:53:51-06:00,,,,,,,,,,,,,,
metrobus,metrobus_vehicle_positions_enriched,2026-08-21T17:47:45Z,2026-08-21,20260821T174742Z,18b17c98-f1a6-4e59-b5a2-51f10afbdad1,,19558,1.0,16:31:48,20260821,69565,622,1260200,19.49808120727539,-99.08943176269531,217.0,44.0,158.4,,,,1787334457,2026-08-21 11:47:37-06:00,,,5,L05f05-2 preparatoria 1 - río de los remedios,,3,141982,FFFFFF,,,,,,
metrobus,metrobus_vehicle_positions_enriched,2026-08-21T17:47:45Z,2026-08-21,20260821T174742Z,e2629c5e-61f5-44e0-a3aa-a693819f5d2a,,19498,1.0,17:35:02,20260821,69487,1046,1230087,19.315635681152344,-99.18754577636719,352.0,21.0,75.60000000000001,,,,1787334455,2026-08-21 11:47:35-06:00,,,1,L01a03-2 el caminero - buenavista,,3,D40D0D,FFFFFF,,,,,,
metrobus,metrobus_vehicle_positions_enriched,2026-08-21T17:47:45Z,2026-08-21,20260821T174742Z,e30d35bb-45c5-490f-b2e3-7092eb40f5f4,,,,,,69604,2377,1250152,19.388887405395508,-99.05944061279297,0.0,0.0,0.0,,,,1787334319,2026-08-21 11:45:19-06:00,,,,,,,,,,,,,,
metrobus,metrobus_vehicle_positions_enriched,2026-08-21T17:47:45Z,2026-08-21,20260821T174742Z,9184e65f-40f8-48f8-9bb3-a1bef12e144d,,19558,1.0,17:29:28,20260821,69566,623,1260199,19.328582763671875,-99.113525390625,380.0,49.0,176.4,,,,1787334453,2026-08-21 11:47:33-06:00,,,5,L05f05-2 preparatoria 1 - río de los remedios,,3,141982,FFFFFF,,,,,,
metrobus,metrobus_vehicle_positions_enriched,2026-08-21T17:47:45Z,2026-08-21,20260821T174742Z,9643b459-2738-4558-b38b-95f03223926f,,19499,0.0,16:58:19,20260821,69486,1045,1230086,19.383499145507812,-99.17586517333984,195.0,19.0,68.4,,,,1787334450,2026-08-21 11:47:30-06:00,,,1,L01a07-1 indios verdes - el caminero,,3,D40D0D,FFFFFF,,,,,,
metrobus,metrobus_vehicle_positions_enriched,2026-08-21T17:47:45Z,2026-08-21,20260821T174742Z,6066e2fb-1250-4068-aa2f-dcfafcf9b94f,,20212,1.0,16:56:54,20260821,69567,624,002A971,19.467432022094727,-99.10259246826172,212.0,0.0,0.0,,,,1787334443,2026-08-21 11:47:23-06:00,,,5,L05f03-2 las bombas - río de los remedios,,3,141982,FFFFFF,,,,,,
metrobus,metrobus_vehicle_positions_enriched,2026-08-21T17:47:45Z,2026-08-21,20260821T174742Z,f9952e3a-904d-46a0-bc65-557e7bf587bd,,20211,0.0,16:48:22,20260821,69568,625,002A972,19.487628936767578,-99.09307861328125,294.0,0.0,0.0,,,,1787331776,2026-08-21 11:02:56-06:00,,,5,L05f03-1 río de los remedios - las bombas,,3,141982,FFFFFF,,,,,,
metrobus,metrobus_vehicle_positions_enriched,2026-08-21T17:47:45Z,2026-08-21,20260821T174742Z,5c4d4e0a-a9db-4550-903a-e73b396b35d7,,20211,0.0,16:51:24,20260821,69569,626,002A973,19.487159729003906,-99.09248352050781,693.0,0.0,0.0,,,,1787334458,2026-08-21 11:47:38-06:00,,,5,L05f03-1 río de los remedios - las bombas,,3,141982,FFFFFF,,,,,,
metrobus,metrobus_vehicle_positions_enriched,2026-08-21T17:47:45Z,2026-08-21,20260821T174742Z,743f3e7c-e54a-4225-8a4b-226f13204d43,,20211,0.0,17:40:34,20260821,69570,627,002A974,19.48272705078125,-99.09658813476562,201.0,38.0,136.8,,,,1787334455,2026-08-21 11:47:35-06:00,,,5,L05f03-1 río de los remedios - las bombas,,3,141982,FFFFFF,,,,,,
metrobus,metrobus_vehicle_positions_enriched,2026-08-21T17:47:45Z,2026-08-21,20260821T174742Z,b00071bb-e3a3-4ccf-93f6-9da457adebd8,,,,,,69571,628,002A975,19.486835479736328,-99.09185791015625,0.0,0.0,0.0,,,,1787001799,2026-08-17 15:23:19-06:00,,,,,,,,,,,,,,
metrobus,metrobus_vehicle_positions_enriched,2026-08-21T17:47:45Z,2026-08-21,20260821T174742Z,4d6d86ef-a675-407f-8cb7-cc4c3a0b02fa,,20211,0.0,16:57:40,20260821,69572,629,002A976,19.48750877380371,-99.09291076660156,294.0,0.0,0.0,,,,1787331973,2026-08-21 11:06:13-06:00,,,5,L05f03-1 río de los remedios - las bombas,,3,141982,FFFFFF,,,,,,
metrobus,metrobus_vehicle_positions_enriched,2026-08-21T17:47:45Z,2026-08-21,20260821T174742Z,f6e6b6ee-a7b2-499e-b5c2-588f2b78316a,,,,,,70142,1066,1300127,19.49888801574707,-99.11952209472656,101.0,0.0,0.0,,,,1787334450,2026-08-21 11:47:30-06:00,,,,,,,,,,,,,,
metrobus,metrobus_vehicle_positions_enriched,2026-08-21T17:47:45Z,2026-08-21,20260821T174742Z,6d797b0e-aae7-47f4-965d-6911b0b20993,,19492,0.0,17:12:55,20260821,70141,1065,1300126,19.41716957092285,-99.1648941040039,195.0,41.0,147.6,,,,1787334453,2026-08-21 11:47:33-06:00,,,1,L01a01-1 indios verdes - dr. gálvez,,3,D40D0D,FFFFFF,,,,,,
metrobus,metrobus_vehicle_positions_enriched,2026-08-21T17:47:45Z,2026-08-21,20260821T174742Z,3cce75c9-b994-4e7c-8206-313795a07c52,,19492,0.0,17:34:34,20260821,70140,1064,1230163,19.457765579223633,-99.14795684814453,232.0,42.0,151.20000000000002,,,,1787334442,2026-08-21 11:47:22-06:00,,,1,L01a01-1 indios verdes - dr. gálvez,,3,D40D0D,FFFFFF,,,,,,
metrobus,metrobus_vehicle_positions_enriched,2026-08-21T17:47:45Z,2026-08-21,20260821T174742Z,2ceb7844-eac4-40b9-a625-39fbfa624287,,19497,0.0,16:47:26,20260821,70139,1063,1230162,19.30399513244629,-99.18616485595703,172.0,20.0,72.0,,,,1787334440,2026-08-21 11:47:20-06:00,,,1,L01a03-1 buenavista - el caminero,,3,D40D0D,FFFFFF,,,,,,
metrobus,metrobus_vehicle_positions_enriched,2026-08-21T17:47:45Z,2026-08-21,20260821T174742Z,68ebfe2a-18a9-4294-8586-140a1377dddb,,19498,1.0,17:09:56,20260821,70138,1062,1230161,19.37339973449707,-99.17893981933594,178.0,0.0,0.0,,,,1787334441,2026-08-21 11:47:21-06:00,,,1,L01a03-2 el caminero - buenavista,,3,D40D0D,FFFFFF,,,,,,
metrobus,metrobus_vehicle_positions_enriched,2026-08-21T17:47:45Z,2026-08-21,20260821T174742Z,42827c80-8d08-410f-b4f0-94357510ce2e,,,,,,70137,1061,1230160,19.500320434570312,-99.11946868896484,0.0,0.0,0.0,,,,1787334448,2026-08-21 11:47:28-06:00,,,,,,,,,,,,,,
metrobus,metrobus_vehicle_positions_enriched,2026-08-21T17:47:45Z,2026-08-21,20260821T174742Z,e7d46026-4de8-4f1a-9d49-838907e667d6,,19498,1.0,17:14:45,20260821,70136,1060,1230159,19.36568260192871,-99.18132781982422,183.0,18.0,64.8,,,,1787334447,2026-08-21 11:47:27-06:00,,,1,L01a03-2 el caminero - buenavista,,3,D40D0D,FFFFFF,,,,,,
metrobus,metrobus_vehicle_positions_enriched,2026-08-21T17:47:45Z,2026-08-21,20260821T174742Z,4242878f-be3a-4ec1-be41-92acf7c0ff3f,,19983,1.0,17:46:55,20260821,69612,2390,003A021,19.342134475708008,-99.18953704833984,204.0,21.0,75.60000000000001,,,,1787334445,2026-08-21 11:47:25-06:00,,,1,L21c21-2 dr. gálvez - rojo gómez,,3,42A76B,FFFFFF,,,,,,
metrobus,metrobus_vehicle_positions_enriched,2026-08-21T17:47:45Z,2026-08-21,20260821T174742Z,352196e3-cf00-4257-b325-249ffa851f49,,20211,0.0,17:07:04,20260821,69573,630,002A977,19.48760223388672,-99.0931167602539,293.0,0.0,0.0,,,,1787332808,2026-08-21 11:20:08-06:00,,,5,L05f03-1 río de los remedios - las bombas,,3,141982,FFFFFF,,,,,,
metrobus,metrobus_vehicle_positions_enriched,2026-08-21T17:47:45Z,2026-08-21,20260821T174742Z,30522c68-d032-486e-bdb7-a3e26493e7ca,,19494,0.0,17:11:55,20260821,70135,1059,1230158,19.499746322631836,-99.11956787109375,0.0,0.0,0.0,,,,1787333630,2026-08-21 11:33:50-06:00,,,1,L01a02-1 indios verdes - insurgentes,,3,D40D0D,FFFFFF,,,,,,
metrobus,metrobus_vehicle_positions_enriched,2026-08-21T17:47:45Z,2026-08-21,20260821T174742Z,42fffee5-5e28-4b5e-b5a0-e5bd6be5b08f,,20211,0.0,17:29:38,20260821,69574,631,002A978,19.45297622680664,-99.10884094238281,200.0,2.0,7.2,,,,1787334448,2026-08-21 11:47:28-06:00,,,5,L05f03-1 río de los remedios - las bombas,,3,141982,FFFFFF,,,,,,
metrobus,metrobus_vehicle_positions_enriched,2026-08-21T17:47:45Z,2026-08-21,20260821T174742Z,b3098431-8144-493a-a8ac-3dd6b928cd75,,19563,0.0,17:34:11,20260821,69611,2389,003A024,19.38358497619629,-99.06612396240234,281.0,19.0,68.4,,,,1787334450,2026-08-21 11:47:30-06:00,,,2,L02c01-1 tepalcates - tacubaya,,3,8D1A96,FFFFFF,,,,,,
metrobus,metrobus_vehicle_positions_enriched,2026-08-21T17:47:45Z,2026-08-21,20260821T174742Z,0af78760-cc96-415e-aba7-4150d30f4cbc,,19494,0.0,16:16:25,20260821,70134,1058,1230157,19.49921226501465,-99.11957550048828,191.0,0.0,0.0,,,,1787329407,2026-08-21 10:23:27-06:00,,,1,L01a02-1 indios verdes - insurgentes,,3,D40D0D,FFFFFF,,,,,,
metrobus,metrobus_vehicle_positions_enriched,2026-08-21T17:47:45Z,2026-08-21,20260821T174742Z,c74b1cbf-08df-4e05-9550-0575a3ea41ef,,20211,0.0,17:26:38,20260821,69575,632,002A979,19.45035171508789,-99.11024475097656,199.0,0.0,0.0,,,,1787334448,2026-08-21 11:47:28-06:00,,,5,L05f03-1 río de los remedios - las bombas,,3,141982,FFFFFF,,,,,,
metrobus,metrobus_vehicle_positions_enriched,2026-08-21T17:47:45Z,2026-08-21,20260821T174742Z,3c166a9c-5da0-4b84-93ef-35a83499389c,,20211,0.0,17:16:32,20260821,69576,633,002A980,19.487565994262695,-99.09281158447266,294.0,0.0,0.0,,,,1787333360,2026-08-21 11:29:20-06:00,,,5,L05f03-1 río de los remedios - las bombas,,3,141982,FFFFFF,,,,,,
metrobus,metrobus_vehicle_positions_enriched,2026-08-21T17:47:45Z,2026-08-21,20260821T174742Z,c2dc9b96-f2ca-4ced-8050-c3f146d12252,,,,,,70133,1057,1230156,0.0,0.0,0.0,0.0,0.0,,,,1787315599,2026-08-21 06:33:19-06:00,,,,,,,,,,,,,,
metrobus,metrobus_vehicle_positions_enriched,2026-08-21T17:47:45Z,2026-08-21,20260821T174742Z,fe7fcefb-6295-4437-ab68-f2dfba2f4661,,19564,0.0,16:03:09,20260821,69610,2388,003A022,19.390649795532227,-99.04755401611328,297.0,0.0,0.0,,,,1787334448,2026-08-21 11:47:28-06:00,,,2,L02c02-1 tepalcates - etiopía l3,,3,8D1A96,FFFFFF,,,,,,
metrobus,metrobus_vehicle_positions_enriched,2026-08-21T17:47:45Z,2026-08-21,20260821T174742Z,175e4544-c451-4d39-a661-dd85c1ce2994,,19564,0.0,16:16:27,20260821,69609,2387,003A020,19.388486862182617,-99.0594482421875,270.0,1.0,3.6,,,,1787334455,2026-08-21 11:47:35-06:00,,,2,L02c02-1 tepalcates - etiopía l3,,3,8D1A96,FFFFFF,,,,,,
metrobus,metrobus_vehicle_positions_enriched,2026-08-21T17:47:45Z,2026-08-21,20260821T174742Z,b5f2d36b-91c6-44f8-9964-020991172add,,19500,1.0,16:56:38,20260821,70132,1056,1230155,19.407039642333984,-99.1681137084961,176.0,0.0,0.0,,,,1787334456,2026-08-21 11:47:36-06:00,,,1,L01a07-2 el caminero - indios verdes,,3,D40D0D,FFFFFF,,,,,,
metrobus,metrobus_vehicle_positions_enriched,2026-08-21T17:47:45Z,2026-08-21,20260821T174742Z,f41c8cbd-146e-46fc-a078-1c9d705dfe02,,19498,1.0,17:19:47,20260821,70153,1077,1230020,19.353572845458984,-99.18551635742188,164.0,37.0,133.20000000000002,,,,1787334445,2026-08-21 11:47:25-06:00,,,1,L01a03-2 el caminero - buenavista,,3,D40D0D,FFFFFF,,,,,,
metrobus,metrobus_vehicle_positions_enriched,2026-08-21T17:47:45Z,2026-08-21,20260821T174742Z,850ec01c-82ec-4e65-83b6-06e1640a0f3f,,19494,0.0,16:46:29,20260821,70152,1076,1230002,19.499807357788086,-99.11941528320312,153.0,0.0,0.0,,,,1787331995,2026-08-21 11:06:35-06:00,,,1,L01a02-1 indios verdes - insurgentes,,3,D40D0D,FFFFFF,,,,,,
metrobus,metrobus_vehicle_positions_enriched,2026-08-21T17:47:45Z,2026-08-21,20260821T174742Z,13cbaeda-2b81-424a-a75a-4d45917ded96,,19491,1.0,16:44:32,20260821,70151,1075,1230007,19.4689998626709,-99.13868713378906,379.0,0.0,0.0,,,,1787334456,2026-08-21 11:47:36-06:00,,,1,L01a01-2 dr. gálvez - indios verdes,,3,D40D0D,FFFFFF,,,,,,
metrobus,metrobus_vehicle_positions_enriched,2026-08-21T17:47:45Z,2026-08-21,20260821T174742Z,04018e33-ff78-413a-9ab6-d1b0ae69aff3,,,,,,70150,1074,1300135,19.49805450439453,-99.11943054199219,191.0,0.0,0.0,,,,1787334454,2026-08-21 11:47:34-06:00,,,,,,,,,,,,,,
metrobus,metrobus_vehicle_positions_enriched,2026-08-21T17:47:45Z,2026-08-21,20260821T174742Z,e608e8cb-8706-45e8-80c5-5ef3d01042ce,,19494,0.0,17:38:17,20260821,70149,1073,1300134,19.466482162475586,-99.14096069335938,226.0,35.0,126.0,,,,1787334451,2026-08-21 11:47:31-06:00,,,1,L01a02-1 indios verdes - insurgentes,,3,D40D0D,FFFFFF,,,,,,
metrobus,metrobus_vehicle_positions_enriched,2026-08-21T17:47:45Z,2026-08-21,20260821T174742Z,942fc2a6-5908-45cb-b152-1c4fd0653763,,,,,,70148,1072,1300133,19.498737335205078,-99.11951446533203,872.0,3.0,10.8,,,,1787334442,2026-08-21 11:47:22-06:00,,,,,,,,,,,,,,
metrobus,metrobus_vehicle_positions_enriched,2026-08-21T17:47:45Z,2026-08-21,20260821T174742Z,93302eec-cfcf-4829-931e-4aa0bd5ba403,,,,,,70147,1071,1300132,19.499177932739258,-99.11932373046875,193.0,0.0,0.0,,,,1787330367,2026-08-21 10:39:27-06:00,,,,,,,,,,,,,,
metrobus,metrobus_vehicle_positions_enriched,2026-08-21T17:47:45Z,2026-08-21,20260821T174742Z,7833ea07-0a20-4920-92ad-8303cdf542e2,,19497,0.0,17:04:55,20260821,70146,1070,1300131,19.369140625,-99.18051147460938,198.0,8.0,28.8,,,,1787334403,2026-08-21 11:46:43-06:00,,,1,L01a03-1 buenavista - el caminero,,3,D40D0D,FFFFFF,,,,,,
metrobus,metrobus_vehicle_positions_enriched,2026-08-21T17:47:45Z,2026-08-21,20260821T174742Z,15f39188-da80-40bd-b44c-cb054b52fe24,,19492,0.0,17:08:15,20260821,70145,1069,1300130,19.436006546020508,-99.15727996826172,226.0,0.0,0.0,,,,1787334443,2026-08-21 11:47:23-06:00,,,1,L01a01-1 indios verdes - dr. gálvez,,3,D40D0D,FFFFFF,,,,,,
metrobus,metrobus_vehicle_positions_enriched,2026-08-21T17:47:45Z,2026-08-21,20260821T174742Z,008ba89b-a801-409e-a29c-4d1f377eed98,,19497,0.0,17:37:01,20260821,70144,1068,1300129,19.427837371826172,-99.1611328125,200.0,9.0,32.4,,,,1787334454,2026-08-21 11:47:34-06:00,,,1,L01a03-1 buenavista - el caminero,,3,D40D0D,FFFFFF,,,,,,
metrobus,metrobus_vehicle_positions_enriched,2026-08-21T17:47:45Z,2026-08-21,20260821T174742Z,3aa9e218-c98d-46f2-94ff-04658288c30a,,,,,,70143,1067,1300128,19.499238967895508,-99.11933135986328,190.0,0.0,0.0,,,,1787334454,2026-08-21 11:47:34-06:00,,,,,,,,,,,,,,
metrobus,metrobus_vehicle_positions_enriched,2026-08-21T17:47:45Z,2026-08-21,20260821T174742Z,59c06a1d-1ba4-4273-91ea-8b18ea504184,,,,,,70597,A9_TESTE,,-22.99310874938965,-43.59746170043945,301.0,0.0,0.0,,,,1787230485,2026-08-20 06:54:45-06:00,,,,,,,,,,,,,,
metrobus,metrobus_vehicle_positions_enriched,2026-08-21T17:47:45Z,2026-08-21,20260821T174742Z,eb54b576-924d-489b-8ce6-ec04798dd72d,,,,,,69945,1087,1230140,19.49825668334961,-99.1191177368164,144.0,16.0,57.6,,,,1787334452,2026-08-21 11:47:32-06:00,,,,,,,,,,,,,,
metrobus,metrobus_vehicle_positions_enriched,2026-08-21T17:47:45Z,2026-08-21,20260821T174742Z,696bef3a-c6ef-48a1-9bae-50500d7d98e4,,,,,,69944,1086,1230139,19.322542190551758,-99.17282104492188,346.0,0.0,0.0,,,,1787334447,2026-08-21 11:47:27-06:00,,,,,,,,,,,,,,
metrobus,metrobus_vehicle_positions_enriched,2026-08-21T17:47:45Z,2026-08-21,20260821T174742Z,9bdfec65-12a8-4e3c-9b06-0f0015660b48,,19497,0.0,16:48:40,20260821,69943,1085,1230138,19.3149471282959,-99.18754577636719,173.0,0.0,0.0,,,,1787334445,2026-08-21 11:47:25-06:00,,,1,L01a03-1 buenavista - el caminero,,3,D40D0D,FFFFFF,,,,,,
metrobus,metrobus_vehicle_positions_enriched,2026-08-21T17:47:45Z,2026-08-21,20260821T174742Z,b124162a-79c3-495c-bf41-869eeb41c4d8,,19500,1.0,17:08:08,20260821,69942,1084,1230137,19.3726806640625,-99.1791000366211,18.0,0.0,0.0,,,,1787334454,2026-08-21 11:47:34-06:00,,,1,L01a07-2 el caminero - indios verdes,,3,D40D0D,FFFFFF,,,,,,
metrobus,metrobus_vehicle_positions_enriched,2026-08-21T17:47:45Z,2026-08-21,20260821T174742Z,7135f0ec-344c-4c00-9aa1-7cfe62655e32,,19500,1.0,17:46:51,20260821,69941,1083,1230136,19.279518127441406,-99.16891479492188,316.0,10.0,36.0,,,,1787334457,2026-08-21 11:47:37-06:00,,,1,L01a07-2 el caminero - indios verdes,,3,D40D0D,FFFFFF,,,,,,
metrobus,metrobus_vehicle_positions_enriched,2026-08-21T17:47:45Z,2026-08-21,20260821T174742Z,88bbe21a-0cd8-41d5-83de-826cc1e7fe32,,,,,,69940,1082,1230135,19.321855545043945,-99.17257690429688,0.0,0.0,0.0,,,,1787334436,2026-08-21 11:47:16-06:00,,,,,,,,,,,,,,
metrobus,metrobus_vehicle_positions_enriched,2026-08-21T17:47:45Z,2026-08-21,20260821T174742Z,3a2551fa-c4e1-4743-bb46-d724b4e4f730,,,,,,69939,1081,1230134,19.321882247924805,-99.17276763916016,348.0,0.0,0.0,,,,1787334455,2026-08-21 11:47:35-06:00,,,,,,,,,,,,,,
metrobus,metrobus_vehicle_positions_enriched,2026-08-21T17:47:45Z,2026-08-21,20260821T174742Z,5d02b2cc-f582-4fbc-9d1e-ab3ebe72a907,,19497,0.0,17:14:53,20260821,70154,1078,1230003,19.387630462646484,-99.1745376586914,197.0,32.0,115.2,,,,1787334452,2026-08-21 11:47:32-06:00,,,1,L01a03-1 buenavista - el caminero,,3,D40D0D,FFFFFF,,,,,,
metrobus,metrobus_vehicle_positions_enriched,2026-08-21T17:47:45Z,2026-08-21,20260821T174742Z,911aa454-de7e-4724-9d49-21cedc994e13,,19499,0.0,16:22:49,20260821,69946,1091,1230144,19.290876388549805,-99.17388916015625,139.0,45.0,162.0,,,,1787334431,2026-08-21 11:47:11-06:00,,,1,L01a07-1 indios verdes - el caminero,,3,D40D0D,FFFFFF,,,,,,
metrobus,metrobus_vehicle_positions_enriched,2026-08-21T17:47:45Z,2026-08-21,20260821T174742Z,9bf39cd1-b96f-49da-bcee-78f4833aca23,,19497,0.0,16:57:12,20260821,69954,1099,1220118,19.346515655517578,-99.18790435791016,200.0,0.0,0.0,,,,1787334445,2026-08-21 11:47:25-06:00,,,1,L01a03-1 buenavista - el caminero,,3,D40D0D,FFFFFF,,,,,,
metrobus,metrobus_vehicle_positions_enriched,2026-08-21T17:47:45Z,2026-08-21,20260821T174742Z,dd2b5728-8cca-4f05-9708-3d19752708a6,,19499,0.0,17:13:38,20260821,69953,1098,1210117,19.41876792907715,-99.1644515991211,195.0,32.0,115.2,,,,1787334442,2026-08-21 11:47:22-06:00,,,1,L01a07-1 indios verdes - el caminero,,3,D40D0D,FFFFFF,,,,,,
metrobus,metrobus_vehicle_positions_enriched,2026-08-21T17:47:45Z,2026-08-21,20260821T174742Z,057cb797-3297-4e4e-b131-2ba31e5c1e25,,19498,1.0,17:37:53,20260821,69952,1097,1230115,19.294893264770508,-99.18265533447266,303.0,26.0,93.60000000000001,,,,1787334446,2026-08-21 11:47:26-06:00,,,1,L01a03-2 el caminero - buenavista,,3,D40D0D,FFFFFF,,,,,,
metrobus,metrobus_vehicle_positions_enriched,2026-08-21T17:47:45Z,2026-08-21,20260821T174742Z,1ee022b8-a213-44b7-9d43-1f3003b2aeba,,19497,0.0,16:34:48,20260821,69951,1096,1230149,19.283855438232422,-99.17574310302734,168.0,0.0,0.0,,,,1787334453,2026-08-21 11:47:33-06:00,,,1,L01a03-1 buenavista - el caminero,,3,D40D0D,FFFFFF,,,,,,
metrobus,metrobus_vehicle_positions_enriched,2026-08-21T17:47:45Z,2026-08-21,20260821T174742Z,e39eee51-2b89-4529-b288-b758c41bc19c,,,,,,69950,1095,1230148,19.32244873046875,-99.17289733886719,349.0,0.0,0.0,,,,1787332641,2026-08-21 11:17:21-06:00,,,,,,,,,,,,,,
metrobus,metrobus_vehicle_positions_enriched,2026-08-21T17:47:45Z,2026-08-21,20260821T174742Z,5858b6e6-ebe0-4413-afbe-944b03aff7e8,,19498,1.0,17:12:28,20260821,69949,1094,1230147,19.369609832763672,-99.18019104003906,201.0,12.0,43.2,,,,1787334457,2026-08-21 11:47:37-06:00,,,1,L01a03-2 el caminero - buenavista,,3,D40D0D,FFFFFF,,,,,,
metrobus,metrobus_vehicle_positions_enriched,2026-08-21T17:47:45Z,2026-08-21,20260821T174742Z,806d936f-aaf4-4dce-b81f-516f9fe395c0,,19500,1.0,17:17:59,20260821,69948,1093,1230146,19.358041763305664,-99.18399810791016,164.0,23.0,82.8,,,,1787334444,2026-08-21 11:47:24-06:00,,,1,L01a07-2 el caminero - indios verdes,,3,D40D0D,FFFFFF,,,,,,
metrobus,metrobus_vehicle_positions_enriched,2026-08-21T17:47:45Z,2026-08-21,20260821T174742Z,7ceb66a1-cae5-4faa-8e93-6c2966dfe531,,19500,1.0,17:27:39,20260821,69947,1092,1230145,19.341249465942383,-99.18976593017578,205.0,0.0,0.0,,,,1787334450,2026-08-21 11:47:30-06:00,,,1,L01a07-2 el caminero - indios verdes,,3,D40D0D,FFFFFF,,,,,,
metrobus,metrobus_vehicle_positions_enriched,2026-08-21T17:47:45Z,2026-08-21,20260821T174742Z,39ff9cd0-6d28-47fb-b017-9e1767ed63e7,,,,,,69995,681,1210391,19.49005889892578,-99.09188079833984,0.0,0.0,0.0,,,,1787331909,2026-08-21 11:05:09-06:00,,,,,,,,,,,,,,
metrobus,metrobus_vehicle_positions_enriched,2026-08-21T17:47:45Z,2026-08-21,20260821T174742Z,933ceacb-d15c-417d-847b-64e7257bd7e8,,,,,,69997,683,1210396,19.488693237304688,-99.09243774414062,238.0,0.0,0.0,,,,1787334448,2026-08-21 11:47:28-06:00,,,,,,,,,,,,,,
metrobus,metrobus_vehicle_positions_enriched,2026-08-21T17:47:45Z,2026-08-21,20260821T174742Z,0e570486-45c9-40be-9b56-cf54316f28ba,,,,,,69999,685,1210392,19.490083694458008,-99.09149169921875,0.0,0.0,0.0,,,,1787329093,2026-08-21 10:18:13-06:00,,,,,,,,,,,,,,
metrobus,metrobus_vehicle_positions_enriched,2026-08-21T17:47:45Z,2026-08-21,20260821T174742Z,fdc91f57-e748-42bf-9f22-b400ff7f6dc4,,19558,1.0,16:39:10,20260821,71108,9601,,19.478639602661133,-99.09777069091797,221.0,0.0,0.0,,,,1787334448,2026-08-21 11:47:28-06:00,,,5,L05f05-2 preparatoria 1 - río de los remedios,,3,141982,FFFFFF,,,,,,
metrobus,metrobus_vehicle_positions_enriched,2026-08-21T17:47:45Z,2026-08-21,20260821T174742Z,6f477fdf-1f36-4d04-be23-e7ad956eac00,,,,,,71180,5001,,19.4443416595459,-99.1523208618164,189.0,0.0,0.0,,,,1787334445,2026-08-21 11:47:25-06:00,,,,,,,,,,,,,,
metrobus,metrobus_vehicle_positions_enriched,2026-08-21T17:47:45Z,2026-08-21,20260821T174742Z,d97b366f-435d-4283-bb23-c706e21f69c6,,19516,1.0,17:26:26,20260821,71181,5002,,19.438203811645508,-99.13733673095703,279.0,23.0,82.8,,,,1787334437,2026-08-21 11:47:17-06:00,,,4,L04e02-2 san lázaro ote - buenavista,,3,FF9A03,FFFFFF,,,,,,
metrobus,metrobus_vehicle_positions_enriched,2026-08-21T17:47:45Z,2026-08-21,20260821T174742Z,d28e5e6a-2c12-4cf3-85cf-aec6e632d51d,,,,,,71148,5003,,19.436294555664062,-99.1232681274414,295.0,0.0,0.0,,,,1787334445,2026-08-21 11:47:25-06:00,,,,,,,,,,,,,,
metrobus,metrobus_vehicle_positions_enriched,2026-08-21T17:47:45Z,2026-08-21,20260821T174742Z,2cbf2cae-5f2d-4997-8013-cd921f8b0e42,,19515,0.0,17:05:39,20260821,72679,5004,,19.427207946777344,-99.11620330810547,982.0,6.0,21.6,,,,1787334454,2026-08-21 11:47:34-06:00,,,4,L04e02-1 buenavista - san lázaro ote,,3,FF9A03,FFFFFF,,,,,,
metrobus,metrobus_vehicle_positions_enriched,2026-08-21T17:47:45Z,2026-08-21,20260821T174742Z,8d48ced3-0457-4891-a1d8-14491b669032,,,,,,69973,214,1210395,19.385461807250977,-99.0457763671875,0.0,0.0,0.0,,,,1787242988,2026-08-20 10:23:08-06:00,,,,,,,,,,,,,,
metrobus,metrobus_vehicle_positions_enriched,2026-08-21T17:47:45Z,2026-08-21,20260821T174742Z,c549e711-4aad-4796-850e-7563dc6d6afb,,20295,0.0,17:04:18,20260821,73095,457,,19.3909969329834,-99.15638732910156,184.0,0.0,0.0,,,,1787334450,2026-08-21 11:47:30-06:00,,,1,L31a31-1 indios verdes - pueblo sta cruz atoyac,,3,42A76B,FFFFFF,,,,,,
metrobus,metrobus_vehicle_positions_enriched,2026-08-21T17:47:45Z,2026-08-21,20260821T174742Z,c39d01e9-6995-4cb2-8f96-0fd0b4cec946,,,,,,69977,218,001A212,19.49003791809082,-99.09178924560547,190.0,0.0,0.0,,,,1787329632,2026-08-21 10:27:12-06:00,,,,,,,,,,,,,,
metrobus,metrobus_vehicle_positions_enriched,2026-08-21T17:47:45Z,2026-08-21,20260821T174742Z,d71b9f08-1c95-4d63-9d57-9b7af8a21337,,,,,,69978,219,001A213,19.385629653930664,-99.04561614990234,165.0,0.0,0.0,,,,1786031640,2026-08-06 09:54:00-06:00,,,,,,,,,,,,,,
metrobus,metrobus_vehicle_positions_enriched,2026-08-21T17:47:45Z,2026-08-21,20260821T174742Z,3c8d9afd-d531-498e-a615-59341d011813,,19517,0.0,17:42:11,20260821,71171,5010,,19.437877655029297,-99.1507797241211,110.0,4.0,14.4,,,,1787334447,2026-08-21 11:47:27-06:00,,,4,L04e08-1 buenavista - san lázaro pte,,3,FF9A03,FFFFFF,,,,,,
metrobus,metrobus_vehicle_positions_enriched,2026-08-21T17:47:45Z,2026-08-21,20260821T174742Z,4af249ec-5064-4e4a-9db9-2ba2858a6d23,,19519,0.0,17:30:37,20260821,71178,5011,,19.43552589416504,-99.11548614501953,279.0,9.0,32.4,,,,1787334447,2026-08-21 11:47:27-06:00,,,4,L04e04-1 pantitlán - hidalgo,,3,FF9A03,FFFFFF,,,,,,
metrobus,metrobus_vehicle_positions_enriched,2026-08-21T17:47:45Z,2026-08-21,20260821T174742Z,fdaf15dd-9a86-45d8-9c0f-267ae5cd788c,,,,,,71173,5012,,19.438222885131836,-99.15003967285156,282.0,42.0,151.20000000000002,,,,1787334459,2026-08-21 11:47:39-06:00,,,,,,,,,,,,,,
metrobus,metrobus_vehicle_positions_enriched,2026-08-21T17:47:45Z,2026-08-21,20260821T174742Z,d414e6f4-dee0-4b57-9a48-7c02a16a68c2,,19520,1.0,17:45:16,20260821,71156,5013,,19.436399459838867,-99.14164733886719,100.0,0.0,0.0,,,,1787334452,2026-08-21 11:47:32-06:00,,,4,L04e04-2 hidalgo - pantitlán,,3,FF9A03,FFFFFF,,,,,,
metrobus,metrobus_vehicle_positions_enriched,2026-08-21T17:47:45Z,2026-08-21,20260821T174742Z,b9dbdabe-981f-41b0-96be-008fb159bfeb,,19519,0.0,17:41:27,20260821,71182,5014,,19.42142105102539,-99.08294677734375,301.0,58.0,208.8,,,,1787334448,2026-08-21 11:47:28-06:00,,,4,L04e04-1 pantitlán - hidalgo,,3,FF9A03,FFFFFF,,,,,,
metrobus,metrobus_vehicle_positions_enriched,2026-08-21T17:47:45Z,2026-08-21,20260821T174742Z,400050f3-8aaa-4eca-a472-838606e8fa12,,19518,1.0,16:54:56,20260821,72629,5015,,19.43950653076172,-99.15304565429688,212.0,3.0,10.8,,,,1787334445,2026-08-21 11:47:25-06:00,,,4,L04e08-2 san lázaro pte - buenavista,,3,FF9A03,FFFFFF,,,,,,
metrobus,metrobus_vehicle_positions_enriched,2026-08-21T17:47:45Z,2026-08-21,20260821T174742Z,33d9bb59-6b62-45f0-8b50-a03108680c63,,,,,,69814,461,1260117,19.510202407836914,-99.15910339355469,0.0,0.0,0.0,,,,1787334292,2026-08-21 11:44:52-06:00,,,,,,,,,,,,,,
metrobus,metrobus_vehicle_positions_enriched,2026-08-21T17:47:45Z,2026-08-21,20260821T174742Z,aeca2937-9d10-47d6-ad38-dc9fdad4171c,,19455,0.0,17:14:12,20260821,69815,462,1260118,19.44583511352539,-99.14726257324219,192.0,0.0,0.0,,,,1787334441,2026-08-21 11:47:21-06:00,,,3,L03d02-1 tenayuca - buenavista,,3,7A9A01,FFFFFF,,,,,,
metrobus,metrobus_vehicle_positions_enriched,2026-08-21T17:47:45Z,2026-08-21,20260821T174742Z,e87f345d-a93d-4f1f-8b76-9b6ded0f2c25,,,,,,69979,220,001A214,19.310653686523438,-99.11087036132812,123.0,0.0,0.0,,,,1787334453,2026-08-21 11:47:33-06:00,,,,,,,,,,,,,,
metrobus,metrobus_vehicle_positions_enriched,2026-08-21T17:47:45Z,2026-08-21,20260821T174742Z,769368dd-146a-4cdc-a277-944783de59ba,,,,,,69816,463,1260119,19.510879516601562,-99.15729522705078,0.0,0.0,0.0,,,,1787154281,2026-08-19 09:44:41-06:00,,,,,,,,,,,,,,
metrobus,metrobus_vehicle_positions_enriched,2026-08-21T17:47:45Z,2026-08-21,20260821T174742Z,270ba13c-87a3-4843-9ad0-3d7d55554e06,,,,,,69980,221,001A142,19.39104461669922,-99.04771423339844,119.0,0.0,0.0,,,,1787334442,2026-08-21 11:47:22-06:00,,,,,,,,,,,,,,
metrobus,metrobus_vehicle_positions_enriched,2026-08-21T17:47:45Z,2026-08-21,20260821T174742Z,da43a22c-9608-4ac6-8030-66a3272eba44,,19455,0.0,17:29:15,20260821,69817,464,1260120,19.476465225219727,-99.14688110351562,150.0,48.0,172.8,,,,1787334455,2026-08-21 11:47:35-06:00,,,3,L03d02-1 tenayuca - buenavista,,3,7A9A01,FFFFFF,,,,,,
metrobus,metrobus_vehicle_positions_enriched,2026-08-21T17:47:45Z,2026-08-21,20260821T174742Z,57705b69-5dc3-4a16-804b-6fa0d4fd73c2,,19565,1.0,17:37:49,20260821,69981,222,001A143,19.393455505371094,-99.13461303710938,988.0,38.0,136.8,,,,1787334444,2026-08-21 11:47:24-06:00,,,2,L02c02-2 etiopía l3 - tepalcates,,3,8D1A96,FFFFFF,,,,,,
metrobus,metrobus_vehicle_positions_enriched,2026-08-21T17:47:45Z,2026-08-21,20260821T174742Z,9ac38eb6-ca8c-4623-9d9d-2d3210e3c9ef,,19456,1.0,17:45:57,20260821,69818,465,1260121,19.445707321166992,-99.14993286132812,995.0,34.0,122.4,,,,1787334446,2026-08-21 11:47:26-06:00,,,3,L03d02-2 buenavista - tenayuca,,3,7A9A01,FFFFFF,,,,,,
metrobus,metrobus_vehicle_positions_enriched,2026-08-21T17:47:45Z,2026-08-21,20260821T174742Z,a3644131-4050-434b-a508-fcfcb48d0fff,,,,,,69982,223,001A144,19.39083480834961,-99.04741668701172,0.0,0.0,0.0,,,,1787329514,2026-08-21 10:25:14-06:00,,,,,,,,,,,,,,
metrobus,metrobus_vehicle_positions_enriched,2026-08-21T17:47:45Z,2026-08-21,20260821T174742Z,03c2447e-b7aa-41b9-8885-9427431febca,,,,,,69819,466,1260122,19.5107421875,-99.15742492675781,251.0,0.0,0.0,,,,1787334448,2026-08-21 11:47:28-06:00,,,,,,,,,,,,,,
metrobus,metrobus_vehicle_positions_enriched,2026-08-21T17:47:45Z,2026-08-21,20260821T174742Z,8a93952f-01f6-4726-a7c4-ced955a666f7,,19559,0.0,17:26:09,20260821,69983,224,001A145,19.443178176879883,-99.11275482177734,199.0,49.0,176.4,,,,1787334444,2026-08-21 11:47:24-06:00,,,5,L05f05-1 río de los remedios - preparatoria 1,,3,141982,FFFFFF,,,,,,
metrobus,metrobus_vehicle_positions_enriched,2026-08-21T17:47:45Z,2026-08-21,20260821T174742Z,69c0fbe7-bcb0-4264-bb31-6dc4fd199564,,,,,,69820,467,1260123,19.51080322265625,-99.15702056884766,712.0,0.0,0.0,,,,1787334455,2026-08-21 11:47:35-06:00,,,,,,,,,,,,,,
metrobus,metrobus_vehicle_positions_enriched,2026-08-21T17:47:45Z,2026-08-21,20260821T174742Z,d23fa653-9eb5-4721-9f37-11fc9e80b209,,19566,0.0,16:05:28,20260821,69984,225,001A146,19.385461807250977,-99.04563903808594,0.0,0.0,0.0,,,,1787334447,2026-08-21 11:47:27-06:00,,,2,L02c03-1 tepalcates - col. del valle,,3,8D1A96,FFFFFF,,,,,,
metrobus,metrobus_vehicle_positions_enriched,2026-08-21T17:47:45Z,2026-08-21,20260821T174742Z,6a4dc98a-6309-422d-b781-dbfb250e94fa,,,,,,69821,468,1260124,19.52596092224121,-99.16799926757812,324.0,34.0,122.4,,,,1787334452,2026-08-21 11:47:32-06:00,,,,,,,,,,,,,,
metrobus,metrobus_vehicle_positions_enriched,2026-08-21T17:47:45Z,2026-08-21,20260821T174742Z,df2ffd8d-65e7-4a2d-bb31-e544bfc2da68,,19562,1.0,17:00:53,20260821,69985,226,001A147,19.38443946838379,-99.07630920410156,124.0,0.0,0.0,,,,1787334455,2026-08-21 11:47:35-06:00,,,2,L02c01-2 tacubaya - tepalcates,,3,8D1A96,FFFFFF,,,,,,
metrobus,metrobus_vehicle_positions_enriched,2026-08-21T17:47:45Z,2026-08-21,20260821T174742Z,1eca7279-fc7d-4611-9fef-c5917ad8e396,,,,,,69986,227,001A148,19.506576538085938,-99.0866928100586,0.0,0.0,0.0,,,,1787334451,2026-08-21 11:47:31-06:00,,,,,,,,,,,,,,
metrobus,metrobus_vehicle_positions_enriched,2026-08-21T17:47:45Z,2026-08-21,20260821T174742Z,d774e20e-94f3-4e32-b4ec-bd1461107398,,19459,0.0,17:10:26,20260821,69822,469,1260125,19.440757751464844,-99.14852142333984,197.0,0.0,0.0,,,,1787334450,2026-08-21 11:47:30-06:00,,,3,L03d05-1 tenayuca - pueblo sta. cruz atoyac,,3,7A9A01,FFFFFF,,,,,,
metrobus,metrobus_vehicle_positions_enriched,2026-08-21T17:47:45Z,2026-08-21,20260821T174742Z,4823db7f-807d-47bf-b725-a058277dce71,,19518,1.0,17:12:25,20260821,71154,5005,,19.431791305541992,-99.15106964111328,279.0,0.0,0.0,,,,1787334454,2026-08-21 11:47:34-06:00,,,4,L04e08-2 san lázaro pte - buenavista,,3,FF9A03,FFFFFF,,,,,,
metrobus,metrobus_vehicle_positions_enriched,2026-08-21T17:47:45Z,2026-08-21,20260821T174742Z,a224873d-36f9-4e43-b266-a968dfd82f62,,,,,,69987,228,001A149,19.385496139526367,-99.0455322265625,0.0,0.0,0.0,,,,1787329833,2026-08-21 10:30:33-06:00,,,,,,,,,,,,,,
metrobus,metrobus_vehicle_positions_enriched,2026-08-21T17:47:45Z,2026-08-21,20260821T174742Z,ae7d99c2-51c0-4629-b574-95971f573db4,,,,,,69988,229,001A150,19.386295318603516,-99.04627227783203,0.0,0.0,0.0,,,,1786994029,2026-08-17 13:13:49-06:00,,,,,,,,,,,,,,
metrobus,metrobus_vehicle_positions_enriched,2026-08-21T17:47:45Z,2026-08-21,20260821T174742Z,c3f9efba-53f1-4474-96d5-02d7b0cb9476,,19517,0.0,17:19:36,20260821,71223,5006,,19.436023712158203,-99.1202621459961,967.0,22.0,79.2,,,,1787334448,2026-08-21 11:47:28-06:00,,,4,L04e08-1 buenavista - san lázaro pte,,3,FF9A03,FFFFFF,,,,,,
metrobus,metrobus_vehicle_positions_enriched,2026-08-21T17:47:45Z,2026-08-21,20260821T174742Z,fbe70f75-3b51-4618-9115-b7e15ab2e38f,,19909,0.0,17:22:31,20260821,71172,5007,,19.423620223999023,-99.17463684082031,242.0,36.0,129.6,,,,1787334458,2026-08-21 11:47:38-06:00,,,7,L07h10-1 garibaldi - campo marte,,3,116633,FFFFFF,,,,,,
metrobus,metrobus_vehicle_positions_enriched,2026-08-21T17:47:45Z,2026-08-21,20260821T174742Z,22139f83-1622-4036-bc63-0fe22a906804,,,,,,71175,5008,,19.437557220458984,-99.14804077148438,101.0,0.0,0.0,,,,1787334454,2026-08-21 11:47:34-06:00,,,,,,,,,,,,,,
metrobus,metrobus_vehicle_positions_enriched,2026-08-21T17:47:45Z,2026-08-21,20260821T174742Z,6281ff1a-8d73-44f4-918f-a0fa2cc87c32,,,,,,71184,5009,,19.444843292236328,-99.15228271484375,194.0,6.0,21.6,,,,1787334444,2026-08-21 11:47:24-06:00,,,,,,,,,,,,,,
metrobus,metrobus_vehicle_positions_enriched,2026-08-21T17:47:45Z,2026-08-21,20260821T174742Z,bae60df8-9414-4fb0-a5e7-5d0a9e206189,,19518,1.0,17:20:55,20260821,72778,5020,,19.429378509521484,-99.13398742675781,286.0,5.0,18.0,,,,1787334452,2026-08-21 11:47:32-06:00,,,4,L04e08-2 san lázaro pte - buenavista,,3,FF9A03,FFFFFF,,,,,,
metrobus,metrobus_vehicle_positions_enriched,2026-08-21T17:47:45Z,2026-08-21,20260821T174742Z,98f99fe2-bd62-48e6-9ae2-6d99f2360179,,19517,0.0,17:28:05,20260821,71153,5021,,19.43779182434082,-99.13407135009766,977.0,23.0,82.8,,,,1787334445,2026-08-21 11:47:25-06:00,,,4,L04e08-1 buenavista - san lázaro pte,,3,FF9A03,FFFFFF,,,,,,
metrobus,metrobus_vehicle_positions_enriched,2026-08-21T17:47:45Z,2026-08-21,20260821T174742Z,165244dc-f0f2-48af-828c-c858d9b14d7c,,19518,1.0,10:29:51,20260821,71152,5022,,19.434484481811523,-99.15357971191406,730.0,8.0,28.8,,,,1787309803,2026-08-21 04:56:43-06:00,,,4,L04e08-2 san lázaro pte - buenavista,,3,FF9A03,FFFFFF,,,,,,
metrobus,metrobus_vehicle_positions_enriched,2026-08-21T17:47:45Z,2026-08-21,20260821T174742Z,2c7481fc-7b58-443c-b797-bead2aaba573,,19908,1.0,17:27:06,20260821,71176,5023,,19.43035888671875,-99.16020965576172,665.0,0.0,0.0,,,,1787334446,2026-08-21 11:47:26-06:00,,,7,L07h10-2 campo marte - garibaldi,,3,116633,FFFFFF,,,,,,
metrobus,metrobus_vehicle_positions_enriched,2026-08-21T17:47:45Z,2026-08-21,20260821T174742Z,bb4931a0-91fa-4360-a8bf-96bd42eb41b1,,19520,1.0,17:27:12,20260821,71155,5024,,19.436492919921875,-99.12432861328125,976.0,0.0,0.0,,,,1787334452,2026-08-21 11:47:32-06:00,,,4,L04e04-2 hidalgo - pantitlán,,3,FF9A03,FFFFFF,,,,,,
metrobus,metrobus_vehicle_positions_enriched,2026-08-21T17:47:45Z,2026-08-21,20260821T174742Z,b74d8273-e0cf-4070-907c-00e0a9713e1e,,19516,1.0,17:39:12,20260821,71190,5025,,19.436168670654297,-99.12158203125,276.0,23.0,82.8,,,,1787334441,2026-08-21 11:47:21-06:00,,,4,L04e02-2 san lázaro ote - buenavista,,3,FF9A03,FFFFFF,,,,,,
metrobus,metrobus_vehicle_positions_enriched,2026-08-21T17:47:45Z,2026-08-21,20260821T174742Z,6d3aa862-f824-440a-a002-6d1f878bc402,,,,,,71191,5026,,19.445085525512695,-99.15193176269531,271.0,7.0,25.2,,,,1787334453,2026-08-21 11:47:33-06:00,,,,,,,,,,,,,,
metrobus,metrobus_vehicle_positions_enriched,2026-08-21T17:47:45Z,2026-08-21,20260821T174742Z,4e463a74-d477-403a-94f3-aa60f0bdda76,,19457,0.0,16:47:15,20260821,69823,470,1260126,19.51069450378418,-99.1572265625,696.0,0.0,0.0,,,,1787331724,2026-08-21 11:02:04-06:00,,,3,L03d04-1 tenayuca - balderas,,3,7A9A01,FFFFFF,,,,,,
metrobus,metrobus_vehicle_positions_enriched,2026-08-21T17:47:45Z,2026-08-21,20260821T174742Z,4a8afcf5-329f-4517-a47f-a9c361ebe35b,,19459,0.0,17:25:19,20260821,69824,471,1260127,19.471466064453125,-99.14521026611328,161.0,40.0,144.0,,,,1787334449,2026-08-21 11:47:29-06:00,,,3,L03d05-1 tenayuca - pueblo sta. cruz atoyac,,3,7A9A01,FFFFFF,,,,,,
metrobus,metrobus_vehicle_positions_enriched,2026-08-21T17:47:45Z,2026-08-21,20260821T174742Z,f282b3ed-2f63-416c-a96a-b80955aab223,,19559,0.0,17:10:32,20260821,69989,230,001A151,19.390411376953125,-99.11284637451172,155.0,20.0,72.0,,,,1787334443,2026-08-21 11:47:23-06:00,,,5,L05f05-1 río de los remedios - preparatoria 1,,3,141982,FFFFFF,,,,,,
metrobus,metrobus_vehicle_positions_enriched,2026-08-21T17:47:45Z,2026-08-21,20260821T174742Z,8b761903-0ab2-46b9-8d08-21246af0a2fa,,19460,1.0,17:08:21,20260821,69825,472,1260128,19.4520320892334,-99.14579772949219,132.0,17.0,61.2,,,,1787334455,2026-08-21 11:47:35-06:00,,,3,L03d05-2 pueblo sta. cruz atoyac  - tenayuca,,3,7A9A01,FFFFFF,,,,,,
metrobus,metrobus_vehicle_positions_enriched,2026-08-21T17:47:45Z,2026-08-21,20260821T174742Z,59384b61-cea5-4de4-8cdc-ad192a9487f2,,19566,0.0,17:41:22,20260821,69990,231,001A152,19.38709259033203,-99.05518341064453,304.0,16.0,57.6,,,,1787334443,2026-08-21 11:47:23-06:00,,,2,L02c03-1 tepalcates - col. del valle,,3,8D1A96,FFFFFF,,,,,,
metrobus,metrobus_vehicle_positions_enriched,2026-08-21T17:47:45Z,2026-08-21,20260821T174742Z,da0c5cb9-486d-43ed-b311-f31a8cf922d8,,,,,,69991,232,001A153,19.39377212524414,-99.13186645507812,189.0,12.0,43.2,,,,1787334439,2026-08-21 11:47:19-06:00,,,,,,,,,,,,,,
metrobus,metrobus_vehicle_positions_enriched,2026-08-21T17:47:45Z,2026-08-21,20260821T174742Z,aca0ca0c-ca73-4696-beda-486f957ff973,,,,,,69992,233,001A154,19.490062713623047,-99.09144592285156,0.0,0.0,0.0,,,,1787329681,2026-08-21 10:28:01-06:00,,,,,,,,,,,,,,
metrobus,metrobus_vehicle_positions_enriched,2026-08-21T17:47:45Z,2026-08-21,20260821T174742Z,0948af92-20bb-43e6-bc34-5ea24a413dd6,,,,,,69994,235,001A156,19.384061813354492,-99.1761703491211,0.0,0.0,0.0,,,,1787334447,2026-08-21 11:47:27-06:00,,,,,,,,,,,,,,
metrobus,metrobus_vehicle_positions_enriched,2026-08-21T17:47:45Z,2026-08-21,20260821T174742Z,273982e1-fc61-4989-b860-9626ba268d8b,,,,,,71179,5016,,19.42298126220703,-99.0924072265625,341.0,0.0,0.0,,,,1787333308,2026-08-21 11:28:28-06:00,,,,,,,,,,,,,,
metrobus,metrobus_vehicle_positions_enriched,2026-08-21T17:47:45Z,2026-08-21,20260821T174742Z,c0a75667-758b-4041-a7c9-a6babe4babf8,,,,,,72777,5017,,19.44571876525879,-99.15218353271484,293.0,0.0,0.0,,,,1787334447,2026-08-21 11:47:27-06:00,,,,,,,,,,,,,,
metrobus,metrobus_vehicle_positions_enriched,2026-08-21T17:47:45Z,2026-08-21,20260821T174742Z,827a1787-1894-4a0b-88ae-c4e3da09c8cb,,19520,1.0,16:32:59,20260821,71186,5018,,19.437366485595703,-99.13123321533203,277.0,8.0,28.8,,,,1787334453,2026-08-21 11:47:33-06:00,,,4,L04e04-2 hidalgo - pantitlán,,3,FF9A03,FFFFFF,,,,,,
metrobus,metrobus_vehicle_positions_enriched,2026-08-21T17:47:45Z,2026-08-21,20260821T174742Z,4ccf2c73-1f07-4c19-b4a8-61da6540be99,,,,,,71188,5019,,19.416946411132812,-99.07283020019531,981.0,0.0,0.0,,,,1787334444,2026-08-21 11:47:24-06:00,,,,,,,,,,,,,,
metrobus,metrobus_vehicle_positions_enriched,2026-08-21T17:47:45Z,2026-08-21,20260821T174742Z,a28c1b69-223f-44ca-b8b4-75a4ee76a623,,19519,0.0,17:13:35,20260821,71195,5030,,19.436962127685547,-99.1447525024414,283.0,34.0,122.4,,,,1787334443,2026-08-21 11:47:23-06:00,,,4,L04e04-1 pantitlán - hidalgo,,3,FF9A03,FFFFFF,,,,,,
metrobus,metrobus_vehicle_positions_enriched,2026-08-21T17:47:45Z,2026-08-21,20260821T174742Z,2285c961-4b94-4e21-89ac-62e162a54169,,19515,0.0,17:46:08,20260821,71196,5031,,19.442663192749023,-99.15245056152344,183.0,0.0,0.0,,,,1787334443,2026-08-21 11:47:23-06:00,,,4,L04e02-1 buenavista - san lázaro ote,,3,FF9A03,FFFFFF,,,,,,
metrobus,metrobus_vehicle_positions_enriched,2026-08-21T17:47:45Z,2026-08-21,20260821T174742Z,171ecffa-03cb-44f5-b4b3-49e0338fcf40,,19518,1.0,17:27:22,20260821,71198,5032,,19.426271438598633,-99.13442993164062,390.0,0.0,0.0,,,,1787334448,2026-08-21 11:47:28-06:00,,,4,L04e08-2 san lázaro pte - buenavista,,3,FF9A03,FFFFFF,,,,,,
metrobus,metrobus_vehicle_positions_enriched,2026-08-21T17:47:45Z,2026-08-21,20260821T174742Z,53e5cd8e-5ad9-4726-a0a0-7c52fba693b4,,19515,0.0,17:33:34,20260821,71202,5033,,19.431337356567383,-99.14827728271484,995.0,0.0,0.0,,,,1787334443,2026-08-21 11:47:23-06:00,,,4,L04e02-1 buenavista - san lázaro ote,,3,FF9A03,FFFFFF,,,,,,
metrobus,metrobus_vehicle_positions_enriched,2026-08-21T17:47:45Z,2026-08-21,20260821T174742Z,d6d479da-0f12-4fde-a9d5-1a5db8901122,,19518,1.0,17:03:34,20260821,71203,5034,,19.433162689208984,-99.1506118774414,229.0,0.0,0.0,,,,1787334451,2026-08-21 11:47:31-06:00,,,4,L04e08-2 san lázaro pte - buenavista,,3,FF9A03,FFFFFF,,,,,,
metrobus,metrobus_vehicle_positions_enriched,2026-08-21T17:47:45Z,2026-08-21,20260821T174742Z,85a50147-59c7-4af7-a96f-4290ce645441,,19515,0.0,17:17:35,20260821,74948,5035,,19.426624298095703,-99.13288116455078,183.0,0.0,0.0,,,,1787334448,2026-08-21 11:47:28-06:00,,,4,L04e02-1 buenavista - san lázaro ote,,3,FF9A03,FFFFFF,,,,,,
metrobus,metrobus_vehicle_positions_enriched,2026-08-21T17:47:45Z,2026-08-21,20260821T174742Z,a77ee74a-07bc-4fa5-b174-c7d899d37580,,19520,1.0,17:33:01,20260821,71205,5036,,19.436519622802734,-99.12483978271484,985.0,0.0,0.0,,,,1787334455,2026-08-21 11:47:35-06:00,,,4,L04e04-2 hidalgo - pantitlán,,3,FF9A03,FFFFFF,,,,,,
metrobus,metrobus_vehicle_positions_enriched,2026-08-21T17:47:45Z,2026-08-21,20260821T174742Z,2f4ba5c2-b3e9-4a2e-b211-cca81d54c06f,,,,,,71207,5037,,19.430479049682617,-99.11522674560547,790.0,0.0,0.0,,,,1787334444,2026-08-21 11:47:24-06:00,,,,,,,,,,,,,,
metrobus,metrobus_vehicle_positions_enriched,2026-08-21T17:47:45Z,2026-08-21,20260821T174742Z,a4bfadb5-86a4-424a-a60e-1abe9f9dfb38,,,,,,71192,5027,,19.436426162719727,-99.14786529541016,585.0,0.0,0.0,,,,1787334448,2026-08-21 11:47:28-06:00,,,,,,,,,,,,,,
metrobus,metrobus_vehicle_positions_enriched,2026-08-21T17:47:45Z,2026-08-21,20260821T174742Z,7528b512-421d-4529-b923-9ab7c9ca2066,,19518,1.0,17:06:49,20260821,71193,5028,,19.43312644958496,-99.1506576538086,25.0,0.0,0.0,,,,1787334456,2026-08-21 11:47:36-06:00,,,4,L04e08-2 san lázaro pte - buenavista,,3,FF9A03,FFFFFF,,,,,,
metrobus,metrobus_vehicle_positions_enriched,2026-08-21T17:47:45Z,2026-08-21,20260821T174742Z,c1fd85f1-53a7-479c-a3b9-94f1c9d52454,,,,,,71194,5029,,19.423179626464844,-99.09207153320312,246.0,0.0,0.0,,,,1787303928,2026-08-21 03:18:48-06:00,,,,,,,,,,,,,,
metrobus,metrobus_vehicle_positions_enriched,2026-08-21T17:47:45Z,2026-08-21,20260821T174742Z,5ed57622-1dd2-4fd0-9b01-80c73e338e7a,,19515,0.0,17:10:05,20260821,71216,5042,,19.42408561706543,-99.12579345703125,187.0,17.0,61.2,,,,1787334450,2026-08-21 11:47:30-06:00,,,4,L04e02-1 buenavista - san lázaro ote,,3,FF9A03,FFFFFF,,,,,,
metrobus,metrobus_vehicle_positions_enriched,2026-08-21T17:47:45Z,2026-08-21,20260821T174742Z,2cc03ec2-eb13-4271-a1ad-a0f5a84f62cc,,19518,1.0,16:59:07,20260821,71218,5043,,19.433717727661133,-99.15282440185547,278.0,4.0,14.4,,,,1787334456,2026-08-21 11:47:36-06:00,,,4,L04e08-2 san lázaro pte - buenavista,,3,FF9A03,FFFFFF,,,,,,
metrobus,metrobus_vehicle_positions_enriched,2026-08-21T17:47:45Z,2026-08-21,20260821T174742Z,5d1e265a-9b9b-4e6c-92ee-e346330e1306,,19582,0.0,17:09:28,20260821,71219,5044,,19.43268585205078,-99.15601348876953,248.0,0.0,0.0,,,,1787334442,2026-08-21 11:47:22-06:00,,,7,L07h04-1 indios verdes - la diana,,3,116633,FFFFFF,,,,,,
metrobus,metrobus_vehicle_positions_enriched,2026-08-21T17:47:45Z,2026-08-21,20260821T174742Z,9a2f7b1d-c226-412b-ba7c-3ad36d3ba712,,,,,,71217,5045,,19.417037963867188,-99.07264709472656,201.0,0.0,0.0,,,,1787334442,2026-08-21 11:47:22-06:00,,,,,,,,,,,,,,
metrobus,metrobus_vehicle_positions_enriched,2026-08-21T17:47:45Z,2026-08-21,20260821T174742Z,c35ceefa-258a-4ccf-bd3f-6c2ee77014ec,,19458,1.0,17:14:49,20260821,69828,9403,003A010,19.499706268310547,-99.15574645996094,340.0,43.0,154.8,,,,1787334452,2026-08-21 11:47:32-06:00,,,3,L03d04-2 balderas - tenayuca,,3,7A9A01,FFFFFF,,,,,,
metrobus,metrobus_vehicle_positions_enriched,2026-08-21T17:47:45Z,2026-08-21,20260821T174742Z,3ddfc366-b329-474f-a22c-36d380048099,,,,,,71215,5046,,19.44496726989746,-99.15225982666016,183.0,0.0,0.0,,,,1787334444,2026-08-21 11:47:24-06:00,,,,,,,,,,,,,,
metrobus,metrobus_vehicle_positions_enriched,2026-08-21T17:47:45Z,2026-08-21,20260821T174742Z,28a092a8-6bb8-437f-a434-ab1e4b356409,,19457,0.0,17:26:23,20260821,69829,9404,003A011,19.473873138427734,-99.14611053466797,159.0,14.0,50.4,,,,1787334448,2026-08-21 11:47:28-06:00,,,3,L03d04-1 tenayuca - balderas,,3,7A9A01,FFFFFF,,,,,,
metrobus,metrobus_vehicle_positions_enriched,2026-08-21T17:47:45Z,2026-08-21,20260821T174742Z,8315807f-20f1-4d65-9f25-0238954455c2,,19516,1.0,17:45:38,20260821,71213,5047,,19.435182571411133,-99.11463928222656,910.0,0.0,0.0,,,,1787334444,2026-08-21 11:47:24-06:00,,,4,L04e02-2 san lázaro ote - buenavista,,3,FF9A03,FFFFFF,,,,,,
metrobus,metrobus_vehicle_positions_enriched,2026-08-21T17:47:45Z,2026-08-21,20260821T174742Z,264c168b-92c3-4518-996e-e242f0cb5796,,19457,0.0,16:23:44,20260821,69826,9401,TienepermisodeSEMOVI,19.510662078857422,-99.15717315673828,802.0,2.0,7.2,,,,1787330147,2026-08-21 10:35:47-06:00,,,3,L03d04-1 tenayuca - balderas,,3,7A9A01,FFFFFF,,,,,,
metrobus,metrobus_vehicle_positions_enriched,2026-08-21T17:47:45Z,2026-08-21,20260821T174742Z,d7669234-35d6-402a-b81b-05199beb5302,,19517,0.0,17:37:48,20260821,74963,5048,,19.436912536621094,-99.14421844482422,104.0,33.0,118.8,,,,1787334455,2026-08-21 11:47:35-06:00,,,4,L04e08-1 buenavista - san lázaro pte,,3,FF9A03,FFFFFF,,,,,,
metrobus,metrobus_vehicle_positions_enriched,2026-08-21T17:47:45Z,2026-08-21,20260821T174742Z,bebabb43-8357-4cf0-b7c0-a5772ba5281f,,19460,1.0,16:34:14,20260821,69827,9402,003A009,19.525632858276367,-99.16777038574219,325.0,34.0,122.4,,,,1787334439,2026-08-21 11:47:19-06:00,,,3,L03d05-2 pueblo sta. cruz atoyac  - tenayuca,,3,7A9A01,FFFFFF,,,,,,
metrobus,metrobus_vehicle_positions_enriched,2026-08-21T17:47:45Z,2026-08-21,20260821T174742Z,fddf6db5-04cb-49db-b757-dc386ccf15ee,,,,,,71212,5040,,19.422887802124023,-99.09256744384766,315.0,0.0,0.0,,,,1787333967,2026-08-21 11:39:27-06:00,,,,,,,,,,,,,,
metrobus,metrobus_vehicle_positions_enriched,2026-08-21T17:47:45Z,2026-08-21,20260821T174742Z,2dcb59b1-d9f2-446f-8643-a25f493410f3,,19519,0.0,16:53:47,20260821,71209,5038,,19.422908782958984,-99.0925064086914,229.0,0.0,0.0,,,,1787334451,2026-08-21 11:47:31-06:00,,,4,L04e04-1 pantitlán - hidalgo,,3,FF9A03,FFFFFF,,,,,,
metrobus,metrobus_vehicle_positions_enriched,2026-08-21T17:47:45Z,2026-08-21,20260821T174742Z,be5fd323-3106-41e7-b655-a34578f720e0,,19518,1.0,16:51:42,20260821,71211,5039,,19.439619064331055,-99.15299987792969,238.0,3.0,10.8,,,,1787334446,2026-08-21 11:47:26-06:00,,,4,L04e08-2 san lázaro pte - buenavista,,3,FF9A03,FFFFFF,,,,,,
metrobus,metrobus_vehicle_positions_enriched,2026-08-21T17:47:45Z,2026-08-21,20260821T174742Z,be7c31b0-ceee-4243-98fa-da24f6006612,,19457,0.0,16:56:04,20260821,69835,9410,003A017,19.515178680419922,-99.161865234375,159.0,19.0,68.4,,,,1787334446,2026-08-21 11:47:26-06:00,,,3,L03d04-1 tenayuca - balderas,,3,7A9A01,FFFFFF,,,,,,
metrobus,metrobus_vehicle_positions_enriched,2026-08-21T17:47:45Z,2026-08-21,20260821T174742Z,5ecf93e0-0905-4a16-8ac2-ab5626c6a577,,19518,1.0,16:56:32,20260821,71200,5052,,19.434188842773438,-99.1535415649414,410.0,0.0,0.0,,,,1787334451,2026-08-21 11:47:31-06:00,,,4,L04e08-2 san lázaro pte - buenavista,,3,FF9A03,FFFFFF,,,,,,
metrobus,metrobus_vehicle_positions_enriched,2026-08-21T17:47:45Z,2026-08-21,20260821T174742Z,5936664f-ae01-469e-8dbb-7abe1f9c77d8,,19520,1.0,17:39:04,20260821,71199,5053,,19.437929153442383,-99.13477325439453,978.0,21.0,75.60000000000001,,,,1787334441,2026-08-21 11:47:21-06:00,,,4,L04e04-2 hidalgo - pantitlán,,3,FF9A03,FFFFFF,,,,,,
metrobus,metrobus_vehicle_positions_enriched,2026-08-21T17:47:45Z,2026-08-21,20260821T174742Z,2671f5ef-57a9-4072-b69e-6b580ab95982,,19459,0.0,16:44:25,20260821,69836,9411,,19.380605697631836,-99.15876770019531,197.0,14.0,50.4,,,,1787334447,2026-08-21 11:47:27-06:00,,,3,L03d05-1 tenayuca - pueblo sta. cruz atoyac,,3,7A9A01,FFFFFF,,,,,,
metrobus,metrobus_vehicle_positions_enriched,2026-08-21T17:47:45Z,2026-08-21,20260821T174742Z,32b51a29-aec1-4ff6-8e96-561c2ad6cc7f,,19516,1.0,17:34:53,20260821,71197,5054,,19.436769485473633,-99.12648010253906,276.0,0.0,0.0,,,,1787334447,2026-08-21 11:47:27-06:00,,,4,L04e02-2 san lázaro ote - buenavista,,3,FF9A03,FFFFFF,,,,,,
metrobus,metrobus_vehicle_positions_enriched,2026-08-21T17:47:45Z,2026-08-21,20260821T174742Z,d228b77f-3be4-4121-a353-9e10f07d72aa,,,,,,69839,9414,,19.52857780456543,-99.1701431274414,170.0,0.0,0.0,,,,1787334447,2026-08-21 11:47:27-06:00,,,,,,,,,,,,,,
metrobus,metrobus_vehicle_positions_enriched,2026-08-21T17:47:45Z,2026-08-21,20260821T174742Z,7099127c-d78a-4b7f-995b-7bb921ba5450,,19517,0.0,17:15:38,20260821,72781,5056,,19.435462951660156,-99.11543273925781,977.0,0.0,0.0,,,,1787334452,2026-08-21 11:47:32-06:00,,,4,L04e08-1 buenavista - san lázaro pte,,3,FF9A03,FFFFFF,,,,,,
metrobus,metrobus_vehicle_positions_enriched,2026-08-21T17:47:45Z,2026-08-21,20260821T174742Z,18550a77-b46c-4c94-be7e-12f4059c726f,,27055,1.0,16:44:27,20260821,74652,5057,,19.429180145263672,-99.13391876220703,610.0,0.0,0.0,,,,1787334449,2026-08-21 11:47:29-06:00,,,4,L04e10-2 aicm- amajac,,3,FF9A03,FFFFFF,,,,,,
metrobus,metrobus_vehicle_positions_enriched,2026-08-21T17:47:45Z,2026-08-21,20260821T174742Z,dc60c5d2-f5f7-4c80-8459-f23809b7e0a2,,19459,0.0,17:08:49,20260821,69840,9415,,19.439973831176758,-99.14871215820312,188.0,29.0,104.4,,,,1787334450,2026-08-21 11:47:30-06:00,,,3,L03d05-1 tenayuca - pueblo sta. cruz atoyac,,3,7A9A01,FFFFFF,,,,,,
metrobus,metrobus_vehicle_positions_enriched,2026-08-21T17:47:45Z,2026-08-21,20260821T174742Z,9dd91454-9dce-4daf-b32f-dc0b902b89ad,,19458,1.0,17:08:54,20260821,69837,9412,,19.51193618774414,-99.1605453491211,338.0,39.0,140.4,,,,1787334453,2026-08-21 11:47:33-06:00,,,3,L03d04-2 balderas - tenayuca,,3,7A9A01,FFFFFF,,,,,,
metrobus,metrobus_vehicle_positions_enriched,2026-08-21T17:47:45Z,2026-08-21,20260821T174742Z,33fa1fc0-e6fb-4a60-b20b-233a71f3ddb3,,27054,0.0,17:43:03,20260821,73391,5058,,19.431678771972656,-99.1512222290039,201.0,20.0,72.0,,,,1787334456,2026-08-21 11:47:36-06:00,,,4,L04e10-1 amajac - aicm,,3,FF9A03,FFFFFF,,,,,,
metrobus,metrobus_vehicle_positions_enriched,2026-08-21T17:47:45Z,2026-08-21,20260821T174742Z,4b82d30a-a766-484d-b45e-ae8454591b98,,,,,,69838,9413,,19.37079620361328,-99.16117858886719,188.0,0.0,0.0,,,,1787334441,2026-08-21 11:47:21-06:00,,,,,,,,,,,,,,
metrobus,metrobus_vehicle_positions_enriched,2026-08-21T17:47:45Z,2026-08-21,20260821T174742Z,234309dd-d239-4852-bff0-711b58111762,,27055,1.0,16:43:36,20260821,74648,5059,,19.43177604675293,-99.15072631835938,279.0,0.0,0.0,,,,1787334444,2026-08-21 11:47:24-06:00,,,4,L04e10-2 aicm- amajac,,3,FF9A03,FFFFFF,,,,,,
metrobus,metrobus_vehicle_positions_enriched,2026-08-21T17:47:45Z,2026-08-21,20260821T174742Z,3140e8d5-a340-465d-b2a3-8888a9f7ba97,,19516,1.0,17:43:29,20260821,71206,5050,,19.43579864501953,-99.11821746826172,275.0,18.0,64.8,,,,1787334448,2026-08-21 11:47:28-06:00,,,4,L04e02-2 san lázaro ote - buenavista,,3,FF9A03,FFFFFF,,,,,,
metrobus,metrobus_vehicle_positions_enriched,2026-08-21T17:47:45Z,2026-08-21,20260821T174742Z,9c152608-2fb9-4190-9422-7b54173fc629,,19515,0.0,17:39:43,20260821,71201,5051,,19.43398666381836,-99.15345001220703,189.0,0.0,0.0,,,,1787334450,2026-08-21 11:47:30-06:00,,,4,L04e02-1 buenavista - san lázaro ote,,3,FF9A03,FFFFFF,,,,,,
metrobus,metrobus_vehicle_positions_enriched,2026-08-21T17:47:45Z,2026-08-21,20260821T174742Z,320d928c-74ab-4f2e-8413-ae9b8c775770,,19516,1.0,17:30:25,20260821,71208,5049,,19.437606811523438,-99.13311004638672,278.0,0.0,0.0,,,,1787334450,2026-08-21 11:47:30-06:00,,,4,L04e02-2 san lázaro ote - buenavista,,3,FF9A03,FFFFFF,,,,,,
metrobus,metrobus_vehicle_positions_enriched,2026-08-21T17:47:45Z,2026-08-21,20260821T174742Z,7f45131d-d99c-4fb6-a198-96d0e0e6a330,,19457,0.0,17:37:34,20260821,69832,9407,003A014,19.5029239654541,-99.15697479248047,156.0,25.0,90.0,,,,1787334456,2026-08-21 11:47:36-06:00,,,3,L03d04-1 tenayuca - balderas,,3,7A9A01,FFFFFF,,,,,,
metrobus,metrobus_vehicle_positions_enriched,2026-08-21T17:47:45Z,2026-08-21,20260821T174742Z,76587fcd-31d0-4de2-9922-82e0cc8fe2c0,,19460,1.0,17:37:33,20260821,74084,9405,,19.3957462310791,-99.156005859375,490.0,0.0,0.0,,,,1787334455,2026-08-21 11:47:35-06:00,,,3,L03d05-2 pueblo sta. cruz atoyac  - tenayuca,,3,7A9A01,FFFFFF,,,,,,
metrobus,metrobus_vehicle_positions_enriched,2026-08-21T17:47:45Z,2026-08-21,20260821T174742Z,ab50b739-b27a-46d8-a4ab-2d63be5e76c8,,19457,0.0,17:45:27,20260821,69831,9406,003A013,19.52622413635254,-99.1683349609375,141.0,35.0,126.0,,,,1787334448,2026-08-21 11:47:28-06:00,,,3,L03d04-1 tenayuca - balderas,,3,7A9A01,FFFFFF,,,,,,
metrobus,metrobus_vehicle_positions_enriched,2026-08-21T17:47:45Z,2026-08-21,20260821T174742Z,f7ea06f3-3111-473a-befa-53f9098072bc,,19460,1.0,17:02:25,20260821,69834,9409,003A016,19.465282440185547,-99.14302062988281,950.0,36.0,129.6,,,,1787334442,2026-08-21 11:47:22-06:00,,,3,L03d05-2 pueblo sta. cruz atoyac  - tenayuca,,3,7A9A01,FFFFFF,,,,,,
metrobus,metrobus_vehicle_positions_enriched,2026-08-21T17:47:45Z,2026-08-21,20260821T174742Z,07b40a6f-55f9-463a-857f-5cd78f6d3ce1,,19457,0.0,17:29:54,20260821,67988,9421,,19.483680725097656,-99.1496810913086,160.0,11.0,39.6,,,,1787334452,2026-08-21 11:47:32-06:00,,,3,L03d04-1 tenayuca - balderas,,3,7A9A01,FFFFFF,,,,,,
metrobus,metrobus_vehicle_positions_enriched,2026-08-21T17:47:45Z,2026-08-21,20260821T174742Z,19df999d-9532-499d-9c9c-b8ee6f4dbfed,,27371,0.0,17:40:29,20260821,74650,5063,,19.421545028686523,-99.08321380615234,301.0,49.0,176.4,,,,1787334134,2026-08-21 11:42:14-06:00,,,4,L04e12-1 terminal 2 - terminal 1,,3,FF9A03,FFFFFF,,,,,,
metrobus,metrobus_vehicle_positions_enriched,2026-08-21T17:47:45Z,2026-08-21,20260821T174742Z,b7cee06e-84fe-4b2f-add7-688648c0eaa7,,27055,1.0,16:45:05,20260821,74659,5064,,19.426284790039062,-99.1344223022461,650.0,0.0,0.0,,,,1787334457,2026-08-21 11:47:37-06:00,,,4,L04e10-2 aicm- amajac,,3,FF9A03,FFFFFF,,,,,,
metrobus,metrobus_vehicle_positions_enriched,2026-08-21T17:47:45Z,2026-08-21,20260821T174742Z,83893736-e5d7-43a1-9936-7c4795405647,,19460,1.0,16:54:47,20260821,67987,9422,,19.474260330200195,-99.14617156982422,340.0,15.0,54.0,,,,1787334436,2026-08-21 11:47:16-06:00,,,3,L03d05-2 pueblo sta. cruz atoyac  - tenayuca,,3,7A9A01,FFFFFF,,,,,,
metrobus,metrobus_vehicle_positions_enriched,2026-08-21T17:47:45Z,2026-08-21,20260821T174742Z,2646983f-40e1-4eee-bcc7-7693f34c041c,,27055,1.0,17:07:14,20260821,74644,5065,,19.428800582885742,-99.11576080322266,187.0,21.0,75.60000000000001,,,,1787334445,2026-08-21 11:47:25-06:00,,,4,L04e10-2 aicm- amajac,,3,FF9A03,FFFFFF,,,,,,
metrobus,metrobus_vehicle_positions_enriched,2026-08-21T17:47:45Z,2026-08-21,20260821T174742Z,056fdf44-d113-4b75-af4e-87feb03e217d,,19458,1.0,17:04:47,20260821,69845,9420,,19.524885177612305,-99.16724395751953,323.0,23.0,82.8,,,,1787334448,2026-08-21 11:47:28-06:00,,,3,L03d04-2 balderas - tenayuca,,3,7A9A01,FFFFFF,,,,,,
metrobus,metrobus_vehicle_positions_enriched,2026-08-21T17:47:45Z,2026-08-21,20260821T174742Z,2bf32596-d5df-4975-83c8-4b65c7234b4e,,27055,1.0,17:03:37,20260821,74667,5066,,19.426694869995117,-99.11331939697266,188.0,14.0,50.4,,,,1787334454,2026-08-21 11:47:34-06:00,,,4,L04e10-2 aicm- amajac,,3,FF9A03,FFFFFF,,,,,,
metrobus,metrobus_vehicle_positions_enriched,2026-08-21T17:47:45Z,2026-08-21,20260821T174742Z,6fd9baa2-0124-4cd1-9d80-454995418393,,19457,0.0,17:33:47,20260821,69850,9425,,19.49936294555664,-99.15567016601562,154.0,20.0,72.0,,,,1787334440,2026-08-21 11:47:20-06:00,,,3,L03d04-1 tenayuca - balderas,,3,7A9A01,FFFFFF,,,,,,
metrobus,metrobus_vehicle_positions_enriched,2026-08-21T17:47:45Z,2026-08-21,20260821T174742Z,ead46310-fbc9-46fd-a477-4f8ae3ac6627,,27055,1.0,17:20:48,20260821,74647,5067,,19.4234561920166,-99.08660888671875,301.0,49.0,176.4,,,,1787334446,2026-08-21 11:47:26-06:00,,,4,L04e10-2 aicm- amajac,,3,FF9A03,FFFFFF,,,,,,
metrobus,metrobus_vehicle_positions_enriched,2026-08-21T17:47:45Z,2026-08-21,20260821T174742Z,3a94bdb9-1f87-495c-a5e8-463a19bcb795,,,,,,69851,9426,,19.528623580932617,-99.17028045654297,188.0,0.0,0.0,,,,1787321941,2026-08-21 08:19:01-06:00,,,,,,,,,,,,,,
metrobus,metrobus_vehicle_positions_enriched,2026-08-21T17:47:45Z,2026-08-21,20260821T174742Z,4d70293b-a80c-455b-8262-3d3c970c3d43,,27055,1.0,17:44:44,20260821,74669,5068,,19.43708610534668,-99.08131408691406,238.0,31.0,111.60000000000001,,,,1787334448,2026-08-21 11:47:28-06:00,,,4,L04e10-2 aicm- amajac,,3,FF9A03,FFFFFF,,,,,,
metrobus,metrobus_vehicle_positions_enriched,2026-08-21T17:47:45Z,2026-08-21,20260821T174742Z,d76e5132-3b00-4a86-b185-9d71299a8ab9,,19459,0.0,17:30:20,20260821,69848,9423,,19.489103317260742,-99.15180969238281,160.0,0.0,0.0,,,,1787334444,2026-08-21 11:47:24-06:00,,,3,L03d05-1 tenayuca - pueblo sta. cruz atoyac,,3,7A9A01,FFFFFF,,,,,,
metrobus,metrobus_vehicle_positions_enriched,2026-08-21T17:47:45Z,2026-08-21,20260821T174742Z,e6afb34a-8c80-4d3f-ae6c-6a6a3a67b995,,19456,1.0,17:35:59,20260821,69849,9424,,19.468320846557617,-99.14393615722656,341.0,16.0,57.6,,,,1787334453,2026-08-21 11:47:33-06:00,,,3,L03d02-2 buenavista - tenayuca,,3,7A9A01,FFFFFF,,,,,,
metrobus,metrobus_vehicle_positions_enriched,2026-08-21T17:47:45Z,2026-08-21,20260821T174742Z,bf336ecf-2353-478b-85cc-ebeaa2bd6e48,,,,,,74651,5060,,19.435352325439453,-99.15335083007812,101.0,9.0,32.4,,,,1787334440,2026-08-21 11:47:20-06:00,,,,,,,,,,,,,,
metrobus,metrobus_vehicle_positions_enriched,2026-08-21T17:47:45Z,2026-08-21,20260821T174742Z,9553b748-0e80-4836-ae56-119a7649492b,,27054,0.0,17:14:46,20260821,74646,5061,,19.427417755126953,-99.11756896972656,978.0,33.0,118.8,,,,1787334445,2026-08-21 11:47:25-06:00,,,4,L04e10-1 amajac - aicm,,3,FF9A03,FFFFFF,,,,,,
metrobus,metrobus_vehicle_positions_enriched,2026-08-21T17:47:45Z,2026-08-21,20260821T174742Z,bc6b1113-1d61-4752-9ba7-e4958d70b4af,,27055,1.0,17:00:34,20260821,74660,5062,,19.427085876464844,-99.1151123046875,981.0,0.0,0.0,,,,1787334451,2026-08-21 11:47:31-06:00,,,4,L04e10-2 aicm- amajac,,3,FF9A03,FFFFFF,,,,,,
metrobus,metrobus_vehicle_positions_enriched,2026-08-21T17:47:45Z,2026-08-21,20260821T174742Z,21452a29-a9f2-4ef3-867a-b43c162fcd4a,,19457,0.0,17:10:29,20260821,69843,9418,,19.44046401977539,-99.1485824584961,195.0,0.0,0.0,,,,1787334459,2026-08-21 11:47:39-06:00,,,3,L03d04-1 tenayuca - balderas,,3,7A9A01,FFFFFF,,,,,,
metrobus,metrobus_vehicle_positions_enriched,2026-08-21T17:47:45Z,2026-08-21,20260821T174742Z,d4d2aa98-e390-43e4-9738-e1d303ffe322,,19430,1.0,17:30:12,20260821,69844,9419,,19.503463745117188,-99.15702056884766,338.0,34.0,122.4,,,,1787334451,2026-08-21 11:47:31-06:00,,,3,L03d03-2 la raza - tenayuca,,3,7A9A01,FFFFFF,,,,,,
metrobus,metrobus_vehicle_positions_enriched,2026-08-21T17:47:45Z,2026-08-21,20260821T174742Z,e26c9142-16bd-45d4-adcc-dd4880716eab,,19459,0.0,16:55:44,20260821,69841,9416,,19.404016494750977,-99.1553955078125,185.0,23.0,82.8,,,,1787334444,2026-08-21 11:47:24-06:00,,,3,L03d05-1 tenayuca - pueblo sta. cruz atoyac,,3,7A9A01,FFFFFF,,,,,,
metrobus,metrobus_vehicle_positions_enriched,2026-08-21T17:47:45Z,2026-08-21,20260821T174742Z,10c183c9-cc86-40cf-a169-c74757e08ffc,,19459,0.0,17:18:51,20260821,69842,9417,,19.458864212036133,-99.14430236816406,190.0,0.0,0.0,,,,1787334452,2026-08-21 11:47:32-06:00,,,3,L03d05-1 tenayuca - pueblo sta. cruz atoyac,,3,7A9A01,FFFFFF,,,,,,
metrobus,metrobus_vehicle_positions_enriched,2026-08-21T17:47:45Z,2026-08-21,20260821T174742Z,24e58da4-8384-408f-a1e7-78655d64986a,,19459,0.0,16:41:04,20260821,69857,9432,,19.374954223632812,-99.16021728515625,192.0,8.0,28.8,,,,1787334457,2026-08-21 11:47:37-06:00,,,3,L03d05-1 tenayuca - pueblo sta. cruz atoyac,,3,7A9A01,FFFFFF,,,,,,
metrobus,metrobus_vehicle_positions_enriched,2026-08-21T17:47:45Z,2026-08-21,20260821T174742Z,5a82302e-1c54-4032-8537-5c036b908e74,,19458,1.0,17:23:08,20260821,69858,9433,,19.484130859375,-99.14994812011719,338.0,0.0,0.0,,,,1787334454,2026-08-21 11:47:34-06:00,,,3,L03d04-2 balderas - tenayuca,,3,7A9A01,FFFFFF,,,,,,
metrobus,metrobus_vehicle_positions_enriched,2026-08-21T17:47:45Z,2026-08-21,20260821T174742Z,ace5226f-f910-4364-ae55-f9590a4d6397,,19457,0.0,17:03:13,20260821,69855,9430,,19.528663635253906,-99.17021942138672,168.0,0.0,0.0,,,,1787334453,2026-08-21 11:47:33-06:00,,,3,L03d04-1 tenayuca - balderas,,3,7A9A01,FFFFFF,,,,,,
metrobus,metrobus_vehicle_positions_enriched,2026-08-21T17:47:45Z,2026-08-21,20260821T174742Z,993fd61c-a3f1-46a5-b6e4-4609af1318a1,,19455,0.0,17:38:46,20260821,69856,9431,,19.508237838745117,-99.15911865234375,159.0,9.0,32.4,,,,1787334448,2026-08-21 11:47:28-06:00,,,3,L03d02-1 tenayuca - buenavista,,3,7A9A01,FFFFFF,,,,,,
metrobus,metrobus_vehicle_positions_enriched,2026-08-21T17:47:45Z,2026-08-21,20260821T174742Z,3df0de67-7286-40f8-bf16-bed217b478fb,,19460,1.0,17:44:33,20260821,69861,9436,,19.378889083862305,-99.15923309326172,125.0,0.0,0.0,,,,1787334454,2026-08-21 11:47:34-06:00,,,3,L03d05-2 pueblo sta. cruz atoyac  - tenayuca,,3,7A9A01,FFFFFF,,,,,,
metrobus,metrobus_vehicle_positions_enriched,2026-08-21T17:47:45Z,2026-08-21,20260821T174742Z,0917966d-b911-4696-971e-eaf2b159decd,,19429,0.0,17:33:18,20260821,69862,9437,,19.49222755432129,-99.15303802490234,159.0,0.0,0.0,,,,1787334445,2026-08-21 11:47:25-06:00,,,3,L03d03-1 tenayuca - la raza,,3,7A9A01,FFFFFF,,,,,,
metrobus,metrobus_vehicle_positions_enriched,2026-08-21T17:47:45Z,2026-08-21,20260821T174742Z,ea506f9f-bf34-43da-bdf0-3edd929ebba2,,19460,1.0,16:50:15,20260821,69859,9434,,19.488399505615234,-99.15153503417969,339.0,0.0,0.0,,,,1787334450,2026-08-21 11:47:30-06:00,,,3,L03d05-2 pueblo sta. cruz atoyac  - tenayuca,,3,7A9A01,FFFFFF,,,,,,
metrobus,metrobus_vehicle_positions_enriched,2026-08-21T17:47:45Z,2026-08-21,20260821T174742Z,cbc97fb9-55c0-4c72-89a2-d5e272d63b0f,,19460,1.0,17:18:36,20260821,69860,9435,,19.427106857299805,-99.14884185791016,112.0,0.0,0.0,,,,1787334448,2026-08-21 11:47:28-06:00,,,3,L03d05-2 pueblo sta. cruz atoyac  - tenayuca,,3,7A9A01,FFFFFF,,,,,,
metrobus,metrobus_vehicle_positions_enriched,2026-08-21T17:47:45Z,2026-08-21,20260821T174742Z,73af963b-432b-428d-a46e-1121c6d3cba2,,27055,1.0,16:23:32,20260821,73390,5070,,19.423311233520508,-99.09221649169922,0.0,0.0,0.0,,,,1787334445,2026-08-21 11:47:25-06:00,,,4,L04e10-2 aicm- amajac,,3,FF9A03,FFFFFF,,,,,,
metrobus,metrobus_vehicle_positions_enriched,2026-08-21T17:47:45Z,2026-08-21,20260821T174742Z,4416d27d-97ce-4399-af3e-1a3afc2d0ccd,,,,,,74668,5071,,19.43557357788086,-99.08332824707031,293.0,7.0,25.2,,,,1787334450,2026-08-21 11:47:30-06:00,,,,,,,,,,,,,,
metrobus,metrobus_vehicle_positions_enriched,2026-08-21T17:47:45Z,2026-08-21,20260821T174742Z,4351ea27-76ab-4bb2-b81a-c681bf51e41a,,27054,0.0,17:37:00,20260821,74658,5072,,19.430309295654297,-99.14154052734375,993.0,14.0,50.4,,,,1787334450,2026-08-21 11:47:30-06:00,,,4,L04e10-1 amajac - aicm,,3,FF9A03,FFFFFF,,,,,,
metrobus,metrobus_vehicle_positions_enriched,2026-08-21T17:47:45Z,2026-08-21,20260821T174742Z,e67338fd-fb3b-4228-a545-fe6222bb8caa,,19459,0.0,17:36:57,20260821,70493,9429,,19.50272560119629,-99.15690612792969,157.0,31.0,111.60000000000001,,,,1787334450,2026-08-21 11:47:30-06:00,,,3,L03d05-1 tenayuca - pueblo sta. cruz atoyac,,3,7A9A01,FFFFFF,,,,,,
metrobus,metrobus_vehicle_positions_enriched,2026-08-21T17:47:45Z,2026-08-21,20260821T174742Z,4ff1ac6f-2c79-4b23-ba76-d3b5f40b727f,,19460,1.0,17:34:02,20260821,69852,9427,,19.407915115356445,-99.155029296875,220.0,31.0,111.60000000000001,,,,1787334455,2026-08-21 11:47:35-06:00,,,3,L03d05-2 pueblo sta. cruz atoyac  - tenayuca,,3,7A9A01,FFFFFF,,,,,,
metrobus,metrobus_vehicle_positions_enriched,2026-08-21T17:47:45Z,2026-08-21,20260821T174742Z,ccd223e6-f4ea-418b-9f84-9740f3d8c9b7,,19460,1.0,17:26:15,20260821,69853,9428,,19.41964340209961,-99.15409851074219,450.0,0.0,0.0,,,,1787334455,2026-08-21 11:47:35-06:00,,,3,L03d05-2 pueblo sta. cruz atoyac  - tenayuca,,3,7A9A01,FFFFFF,,,,,,
metrobus,metrobus_vehicle_positions_enriched,2026-08-21T17:47:45Z,2026-08-21,20260821T174742Z,4640c5d2-5ae6-44f1-bc07-fdc8e6152b93,,19460,1.0,16:46:34,20260821,69868,9443,,19.49170684814453,-99.15274810791016,338.0,0.0,0.0,,,,1787334450,2026-08-21 11:47:30-06:00,,,3,L03d05-2 pueblo sta. cruz atoyac  - tenayuca,,3,7A9A01,FFFFFF,,,,,,
metrobus,metrobus_vehicle_positions_enriched,2026-08-21T17:47:45Z,2026-08-21,20260821T174742Z,befb4940-4def-485a-9bfb-1f36ca6e378f,,19457,0.0,16:37:48,20260821,69869,9444,,19.510379791259766,-99.15830993652344,217.0,0.0,0.0,,,,1787331142,2026-08-21 10:52:22-06:00,,,3,L03d04-1 tenayuca - balderas,,3,7A9A01,FFFFFF,,,,,,
metrobus,metrobus_vehicle_positions_enriched,2026-08-21T17:47:45Z,2026-08-21,20260821T174742Z,1513c226-bc36-46f5-bc3c-880746f3fcd8,,19457,0.0,17:24:15,20260821,69866,9441,,19.467798233032227,-99.14381408691406,160.0,0.0,0.0,,,,1787334455,2026-08-21 11:47:35-06:00,,,3,L03d04-1 tenayuca - balderas,,3,7A9A01,FFFFFF,,,,,,
metrobus,metrobus_vehicle_positions_enriched,2026-08-21T17:47:45Z,2026-08-21,20260821T174742Z,7a3f5262-61cd-4552-bae2-b5d7aa2ef977,,19456,1.0,17:16:13,20260821,69867,9442,,19.515165328979492,-99.16179656982422,339.0,35.0,126.0,,,,1787334447,2026-08-21 11:47:27-06:00,,,3,L03d02-2 buenavista - tenayuca,,3,7A9A01,FFFFFF,,,,,,
metrobus,metrobus_vehicle_positions_enriched,2026-08-21T17:47:45Z,2026-08-21,20260821T174742Z,4b039cf1-6715-4c0c-81c8-e65cba0a5257,,19458,1.0,17:35:06,20260821,69872,9447,,19.452674865722656,-99.14572143554688,114.0,33.0,118.8,,,,1787334444,2026-08-21 11:47:24-06:00,,,3,L03d04-2 balderas - tenayuca,,3,7A9A01,FFFFFF,,,,,,
metrobus,metrobus_vehicle_positions_enriched,2026-08-21T17:47:45Z,2026-08-21,20260821T174742Z,9f28efc0-847e-41a0-af0e-3e9653b08677,,19459,0.0,17:42:10,20260821,69873,9448,,19.515588760375977,-99.16202545166016,157.0,16.0,57.6,,,,1787334447,2026-08-21 11:47:27-06:00,,,3,L03d05-1 tenayuca - pueblo sta. cruz atoyac,,3,7A9A01,FFFFFF,,,,,,
metrobus,metrobus_vehicle_positions_enriched,2026-08-21T17:47:45Z,2026-08-21,20260821T174742Z,ef7130a5-8bab-4fd3-9290-ba86840f8045,,,,,,69870,9445,,19.50998878479004,-99.15946197509766,250.0,4.0,14.4,,,,1787334453,2026-08-21 11:47:33-06:00,,,,,,,,,,,,,,
metrobus,metrobus_vehicle_positions_enriched,2026-08-21T17:47:45Z,2026-08-21,20260821T174742Z,3fe40b50-3f76-4d59-a76b-0d23fd1b1c97,,19455,0.0,17:23:52,20260821,69871,9446,,19.46434211730957,-99.1433334350586,206.0,45.0,162.0,,,,1787334448,2026-08-21 11:47:28-06:00,,,3,L03d02-1 tenayuca - buenavista,,3,7A9A01,FFFFFF,,,,,,
metrobus,metrobus_vehicle_positions_enriched,2026-08-21T17:47:45Z,2026-08-21,20260821T174742Z,a6302e48-0585-475b-adc7-14f97b84ea88,,19459,0.0,17:01:55,20260821,69865,9440,,19.420141220092773,-99.15412902832031,183.0,11.0,39.6,,,,1787334441,2026-08-21 11:47:21-06:00,,,3,L03d05-1 tenayuca - pueblo sta. cruz atoyac,,3,7A9A01,FFFFFF,,,,,,
metrobus,metrobus_vehicle_positions_enriched,2026-08-21T17:47:45Z,2026-08-21,20260821T174742Z,d192da42-472e-4ed9-a8ae-7d3a78c010c1,,,,,,69863,9438,,19.426193237304688,-99.14901733398438,820.0,0.0,0.0,,,,1787334452,2026-08-21 11:47:32-06:00,,,,,,,,,,,,,,
metrobus,metrobus_vehicle_positions_enriched,2026-08-21T17:47:45Z,2026-08-21,20260821T174742Z,02de6f66-0468-4b49-a403-d74d28af17e1,,19456,1.0,17:26:55,20260821,69864,9439,,19.484960556030273,-99.15022277832031,342.0,42.0,151.20000000000002,,,,1787334450,2026-08-21 11:47:30-06:00,,,3,L03d02-2 buenavista - tenayuca,,3,7A9A01,FFFFFF,,,,,,
metrobus,metrobus_vehicle_positions_enriched,2026-08-21T17:47:45Z,2026-08-21,20260821T174742Z,30071479-f8cc-416b-b84a-a0b4febdcc1e,,19456,1.0,17:31:51,20260821,69879,9454,,19.47952651977539,-99.1481704711914,340.0,24.0,86.4,,,,1787334447,2026-08-21 11:47:27-06:00,,,3,L03d02-2 buenavista - tenayuca,,3,7A9A01,FFFFFF,,,,,,
metrobus,metrobus_vehicle_positions_enriched,2026-08-21T17:47:45Z,2026-08-21,20260821T174742Z,84729aff-6260-476a-a3e7-b5097c107343,,19460,1.0,16:42:08,20260821,69880,9455,,19.520177841186523,-99.1639633178711,337.0,0.0,0.0,,,,1787334446,2026-08-21 11:47:26-06:00,,,3,L03d05-2 pueblo sta. cruz atoyac  - tenayuca,,3,7A9A01,FFFFFF,,,,,,
metrobus,metrobus_vehicle_positions_enriched,2026-08-21T17:47:45Z,2026-08-21,20260821T174742Z,ac98567f-1d83-488d-87a5-228ac83e5e34,,,,,,69877,9452,,19.529741287231445,-99.17012786865234,190.0,16.0,57.6,,,,1787334454,2026-08-21 11:47:34-06:00,,,,,,,,,,,,,,
metrobus,metrobus_vehicle_positions_enriched,2026-08-21T17:47:45Z,2026-08-21,20260821T174742Z,d6157467-fb19-4b41-b077-4c324087f237,,19457,0.0,17:18:12,20260821,69878,9453,,19.454221725463867,-99.14539337158203,191.0,36.0,129.6,,,,1787334454,2026-08-21 11:47:34-06:00,,,3,L03d04-1 tenayuca - balderas,,3,7A9A01,FFFFFF,,,,,,
metrobus,metrobus_vehicle_positions_enriched,2026-08-21T17:47:45Z,2026-08-21,20260821T174742Z,0d6c22b4-ba91-4cba-85fb-c6ebf80c6e7b,,19430,1.0,17:46:57,20260821,69883,9458,,19.466997146606445,-99.1412353515625,227.0,0.0,0.0,,,,1787334446,2026-08-21 11:47:26-06:00,,,3,L03d03-2 la raza - tenayuca,,3,7A9A01,FFFFFF,,,,,,
metrobus,metrobus_vehicle_positions_enriched,2026-08-21T17:47:45Z,2026-08-21,20260821T174742Z,e22d4130-2e27-4c12-bf85-26929cd81766,,19460,1.0,17:16:43,20260821,69884,9459,,19.429485321044922,-99.14838409423828,121.0,37.0,133.20000000000002,,,,1787334441,2026-08-21 11:47:21-06:00,,,3,L03d05-2 pueblo sta. cruz atoyac  - tenayuca,,3,7A9A01,FFFFFF,,,,,,
metrobus,metrobus_vehicle_positions_enriched,2026-08-21T17:47:45Z,2026-08-21,20260821T174742Z,bccf5806-61ed-4bea-bec6-e4bc4fb19fab,,,,,,69881,9456,,19.52810287475586,-99.16993713378906,143.0,29.0,104.4,,,,1787334444,2026-08-21 11:47:24-06:00,,,,,,,,,,,,,,
metrobus,metrobus_vehicle_positions_enriched,2026-08-21T17:47:45Z,2026-08-21,20260821T174742Z,a0080015-1799-4151-b45e-1a20d3dcd695,,19459,0.0,16:51:53,20260821,69882,9457,,19.39625358581543,-99.15599060058594,183.0,3.0,10.8,,,,1787334457,2026-08-21 11:47:37-06:00,,,3,L03d05-1 tenayuca - pueblo sta. cruz atoyac,,3,7A9A01,FFFFFF,,,,,,
metrobus,metrobus_vehicle_positions_enriched,2026-08-21T17:47:45Z,2026-08-21,20260821T174742Z,6d45aafd-8800-4c43-b8ae-43d3f7a4413b,,19457,0.0,17:15:22,20260821,69875,9450,,19.44613265991211,-99.14718627929688,192.0,7.0,25.2,,,,1787334450,2026-08-21 11:47:30-06:00,,,3,L03d04-1 tenayuca - balderas,,3,7A9A01,FFFFFF,,,,,,
metrobus,metrobus_vehicle_positions_enriched,2026-08-21T17:47:45Z,2026-08-21,20260821T174742Z,fd2dc502-ada1-4379-a496-42430a7eeca6,,,,,,69876,9451,,19.510883331298828,-99.15726470947266,0.0,0.0,0.0,,,,1787153244,2026-08-19 09:27:24-06:00,,,,,,,,,,,,,,
metrobus,metrobus_vehicle_positions_enriched,2026-08-21T17:47:45Z,2026-08-21,20260821T174742Z,421d345f-963f-459c-bc52-a534eb233def,,19458,1.0,17:38:30,20260821,69874,9449,,19.446273803710938,-99.1471176147461,127.0,0.0,0.0,,,,1787334452,2026-08-21 11:47:32-06:00,,,3,L03d04-2 balderas - tenayuca,,3,7A9A01,FFFFFF,,,,,,
metrobus,metrobus_vehicle_positions_enriched,2026-08-21T17:47:45Z,2026-08-21,20260821T174742Z,19f8310d-2007-4d3b-a5f6-e658136cb341,,19457,0.0,17:06:14,20260821,69885,9460,,19.43749237060547,-99.14874267578125,100.0,19.0,68.4,,,,1787334444,2026-08-21 11:47:24-06:00,,,3,L03d04-1 tenayuca - balderas,,3,7A9A01,FFFFFF,,,,,,
metrobus,metrobus_vehicle_positions_enriched,2026-08-21T17:47:45Z,2026-08-21,20260821T174742Z,b0675dc5-33bc-444e-b128-9e943dc1e162,,,,,,69615,2603,002A905,19.30369758605957,-99.10169982910156,0.0,1.0,3.6,,,,1787334455,2026-08-21 11:47:35-06:00,,,,,,,,,,,,,,
metrobus,metrobus_vehicle_positions_enriched,2026-08-21T17:47:45Z,2026-08-21,20260821T174742Z,c986956b-68b9-43cc-b740-f1c641055c20,,,,,,69614,2602,002A904,19.304494857788086,-99.10137939453125,187.0,0.0,0.0,,,,1787333598,2026-08-21 11:33:18-06:00,,,,,,,,,,,,,,
metrobus,metrobus_vehicle_positions_enriched,2026-08-21T17:47:45Z,2026-08-21,20260821T174742Z,1d1d10f4-57ae-4eb8-8879-cb83485cd14b,,26908,0.0,17:44:18,20260821,69613,2601,002A903,19.300870895385742,-99.11349487304688,198.0,26.0,93.60000000000001,,,,1787334454,2026-08-21 11:47:34-06:00,,,5,L05f52-1 las bombas - preparatoria 1,,3,141982,FFFFFF,,,,,,
metrobus,metrobus_vehicle_positions_enriched,2026-08-21T17:47:45Z,2026-08-21,20260821T174742Z,53c0ddc8-8bff-444b-bab1-2b17d5679035,,,,,,74125,Maqueta_Carraci,,19.402490615844727,-99.17045593261719,272.0,0.0,0.0,,,,1784833476,2026-07-23 13:04:36-06:00,,,,,,,,,,,,,,
metrobus,metrobus_vehicle_positions_enriched,2026-08-21T17:47:45Z,2026-08-21,20260821T174742Z,431296e7-d630-4187-a3d1-07e38eb8d931,,19558,1.0,16:57:00,20260821,69621,2609,002A911,19.44141387939453,-99.11337280273438,197.0,0.0,0.0,,,,1787334448,2026-08-21 11:47:28-06:00,,,5,L05f05-2 preparatoria 1 - río de los remedios,,3,141982,FFFFFF,,,,,,
metrobus,metrobus_vehicle_positions_enriched,2026-08-21T17:47:45Z,2026-08-21,20260821T174742Z,b577923a-60b7-4de3-a2a4-7fe7231905c6,,19557,1.0,17:14:17,20260821,69620,2608,002A910,19.385059356689453,-99.1113052368164,349.0,47.0,169.20000000000002,,,,1787334446,2026-08-21 11:47:26-06:00,,,5,L05f04-2 preparatoria 1 - san lázaro sur,,3,141982,FFFFFF,,,,,,
metrobus,metrobus_vehicle_positions_enriched,2026-08-21T17:47:45Z,2026-08-21,20260821T174742Z,02afcd78-8a57-473d-a2f9-788dcd4411d4,,,,,,69619,2607,002A909,19.5072078704834,-99.08574676513672,295.0,0.0,0.0,,,,1787334452,2026-08-21 11:47:32-06:00,,,,,,,,,,,,,,
metrobus,metrobus_vehicle_positions_enriched,2026-08-21T17:47:45Z,2026-08-21,20260821T174742Z,8fb01fce-2a7e-43cb-ba4d-cf7a38986dae,,19559,0.0,17:13:41,20260821,69618,2606,002A908,19.399341583251953,-99.1136245727539,177.0,0.0,0.0,,,,1787334440,2026-08-21 11:47:20-06:00,,,5,L05f05-1 río de los remedios - preparatoria 1,,3,141982,FFFFFF,,,,,,
metrobus,metrobus_vehicle_positions_enriched,2026-08-21T17:47:45Z,2026-08-21,20260821T174742Z,45c74745-e05f-4a41-b148-d2e66a9df6e6,,19559,0.0,17:22:57,20260821,69617,2605,002A907,19.432825088500977,-99.1151351928711,184.0,30.0,108.0,,,,1787334454,2026-08-21 11:47:34-06:00,,,5,L05f05-1 río de los remedios - preparatoria 1,,3,141982,FFFFFF,,,,,,
metrobus,metrobus_vehicle_positions_enriched,2026-08-21T17:47:45Z,2026-08-21,20260821T174742Z,4889b0d7-0ad8-426e-bd0b-61edb42bbe45,,19559,0.0,16:49:36,20260821,69616,2604,002A906,19.330726623535156,-99.11344146728516,184.0,49.0,176.4,,,,1787334456,2026-08-21 11:47:36-06:00,,,5,L05f05-1 río de los remedios - preparatoria 1,,3,141982,FFFFFF,,,,,,
metrobus,metrobus_vehicle_positions_enriched,2026-08-21T17:47:45Z,2026-08-21,20260821T174742Z,8fc4a397-5a14-498a-a8bb-28955d8c0420,,20296,1.0,17:44:03,20260821,69626,2614,002A916,19.379169464111328,-99.15916442871094,158.0,0.0,0.0,,,,1787334454,2026-08-21 11:47:34-06:00,,,1,L31a31-2 pueblo sta cruz atoyac - indios verdes,,3,42A76B,FFFFFF,,,,,,
metrobus,metrobus_vehicle_positions_enriched,2026-08-21T17:47:45Z,2026-08-21,20260821T174742Z,b47275f1-aed2-4db5-9646-a63f6d5e6565,,20296,1.0,16:57:30,20260821,69625,2613,002A915,19.468507766723633,-99.13910675048828,384.0,33.0,118.8,,,,1787334449,2026-08-21 11:47:29-06:00,,,1,L31a31-2 pueblo sta cruz atoyac - indios verdes,,3,42A76B,FFFFFF,,,,,,
metrobus,metrobus_vehicle_positions_enriched,2026-08-21T17:47:45Z,2026-08-21,20260821T174742Z,6ad7e17d-c442-4710-96e2-71df9c82bcdd,,20212,1.0,17:36:53,20260821,69623,2611,002A913,19.34832763671875,-99.1112289428711,129.0,0.0,0.0,,,,1787334458,2026-08-21 11:47:38-06:00,,,5,L05f03-2 las bombas - río de los remedios,,3,141982,FFFFFF,,,,,,
metrobus,metrobus_vehicle_positions_enriched,2026-08-21T17:47:45Z,2026-08-21,20260821T174742Z,25d8d64f-e146-4cd6-b8a6-fb773d2caab4,,20212,1.0,17:45:46,20260821,69622,2610,002A912,19.316627502441406,-99.11172485351562,320.0,12.0,43.2,,,,1787334451,2026-08-21 11:47:31-06:00,,,5,L05f03-2 las bombas - río de los remedios,,3,141982,FFFFFF,,,,,,
metrobus,metrobus_vehicle_positions_enriched,2026-08-21T17:47:45Z,2026-08-21,20260821T174742Z,77276750-4778-4198-86fd-305d9545aaf3,,,,,,69631,2619,002A921,19.304271697998047,-99.10157775878906,360.0,0.0,0.0,,,,1785731595,2026-08-02 22:33:15-06:00,,,,,,,,,,,,,,
metrobus,metrobus_vehicle_positions_enriched,2026-08-21T17:47:45Z,2026-08-21,20260821T174742Z,ed540411-48bd-4497-80bb-fa2d792423a5,,20296,1.0,17:27:57,20260821,69630,2618,002A920,19.414554595947266,-99.15451049804688,490.0,20.0,72.0,,,,1787334452,2026-08-21 11:47:32-06:00,,,1,L31a31-2 pueblo sta cruz atoyac - indios verdes,,3,42A76B,FFFFFF,,,,,,
metrobus,metrobus_vehicle_positions_enriched,2026-08-21T17:47:45Z,2026-08-21,20260821T174742Z,52aa8c69-26f2-4979-9c42-f4de34c74b15,,,,,,69629,2617,002A919,19.27358627319336,-99.12010955810547,548.0,0.0,0.0,,,,1787334453,2026-08-21 11:47:33-06:00,,,,,,,,,,,,,,
metrobus,metrobus_vehicle_positions_enriched,2026-08-21T17:47:45Z,2026-08-21,20260821T174742Z,bf016678-19a3-45f5-b9a9-c81bd7a0b02a,,20211,0.0,17:01:32,20260821,69628,2616,002A918,19.361160278320312,-99.11033630371094,191.0,11.0,39.6,,,,1787334453,2026-08-21 11:47:33-06:00,,,5,L05f03-1 río de los remedios - las bombas,,3,141982,FFFFFF,,,,,,
metrobus,metrobus_vehicle_positions_enriched,2026-08-21T17:47:45Z,2026-08-21,20260821T174742Z,a1ffa09c-de3c-44f7-9a8d-43c872feca35,,19558,1.0,17:21:59,20260821,69627,2615,002A917,19.350162506103516,-99.11077880859375,540.0,32.0,115.2,,,,1787334443,2026-08-21 11:47:23-06:00,,,5,L05f05-2 preparatoria 1 - río de los remedios,,3,141982,FFFFFF,,,,,,
metrobus,metrobus_vehicle_positions_enriched,2026-08-21T17:47:45Z,2026-08-21,20260821T174742Z,267bb496-596d-45b5-b9b1-4465686d7853,,19559,0.0,17:45:02,20260821,69637,2625,002A927,19.498022079467773,-99.09009552001953,201.0,34.0,122.4,,,,1787334452,2026-08-21 11:47:32-06:00,,,5,L05f05-1 río de los remedios - preparatoria 1,,3,141982,FFFFFF,,,,,,
metrobus,metrobus_vehicle_positions_enriched,2026-08-21T17:47:45Z,2026-08-21,20260821T174742Z,e2e633d2-ce33-48f0-93ca-722986ad3a69,,20212,1.0,17:29:19,20260821,69636,2624,002A926,19.366369247436523,-99.10906982421875,13.0,15.0,54.0,,,,1787334447,2026-08-21 11:47:27-06:00,,,5,L05f03-2 las bombas - río de los remedios,,3,141982,FFFFFF,,,,,,
metrobus,metrobus_vehicle_positions_enriched,2026-08-21T17:47:45Z,2026-08-21,20260821T174742Z,fb95b150-788e-4765-bfe1-c63a9195ecfa,,20211,0.0,17:14:16,20260821,71770,2623,,19.408870697021484,-99.1132583618164,185.0,32.0,115.2,,,,1787334453,2026-08-21 11:47:33-06:00,,,5,L05f03-1 río de los remedios - las bombas,,3,141982,FFFFFF,,,,,,
metrobus,metrobus_vehicle_positions_enriched,2026-08-21T17:47:45Z,2026-08-21,20260821T174742Z,e28e01ed-9b41-4e30-a729-5cbeb5a006c4,,19559,0.0,17:41:36,20260821,69634,2622,002A924,19.48729705810547,-99.09454345703125,202.0,0.0,0.0,,,,1787334442,2026-08-21 11:47:22-06:00,,,5,L05f05-1 río de los remedios - preparatoria 1,,3,141982,FFFFFF,,,,,,
metrobus,metrobus_vehicle_positions_enriched,2026-08-21T17:47:45Z,2026-08-21,20260821T174742Z,b9176e5e-6c6b-45ff-ac1a-d7ea8fc1b09e,,20295,0.0,16:55:29,20260821,69633,2621,002A923,19.500446319580078,-99.11885070800781,184.0,0.0,0.0,,,,1787332234,2026-08-21 11:10:34-06:00,,,1,L31a31-1 indios verdes - pueblo sta cruz atoyac,,3,42A76B,FFFFFF,,,,,,
metrobus,metrobus_vehicle_positions_enriched,2026-08-21T17:47:45Z,2026-08-21,20260821T174742Z,541130bf-cb84-4fc7-ab24-3e633f6c5fd7,,,,,,69632,2620,002A922,19.27341079711914,-99.12040710449219,552.0,11.0,39.6,,,,1787334444,2026-08-21 11:47:24-06:00,,,,,,,,,,,,,,
metrobus,metrobus_vehicle_positions_enriched,2026-08-21T17:47:45Z,2026-08-21,20260821T174742Z,bcf3ffec-042d-458e-af97-d493400a8584,,19558,1.0,17:39:51,20260821,69641,2629,002A931,19.29603385925293,-99.11441802978516,9.0,15.0,54.0,,,,1787334456,2026-08-21 11:47:36-06:00,,,5,L05f05-2 preparatoria 1 - río de los remedios,,3,141982,FFFFFF,,,,,,
metrobus,metrobus_vehicle_positions_enriched,2026-08-21T17:47:45Z,2026-08-21,20260821T174742Z,a871c9f9-0c01-4d83-b2f3-b2c047a033a1,,19558,1.0,17:36:30,20260821,69640,2628,002A930,19.310405731201172,-99.11092376708984,121.0,0.0,0.0,,,,1787334453,2026-08-21 11:47:33-06:00,,,5,L05f05-2 preparatoria 1 - río de los remedios,,3,141982,FFFFFF,,,,,,
metrobus,metrobus_vehicle_positions_enriched,2026-08-21T17:47:45Z,2026-08-21,20260821T174742Z,df9731dc-f61b-4a83-95f0-d3b10c761fb3,,,,,,69639,2627,002A929,19.273513793945312,-99.1205062866211,233.0,0.0,0.0,,,,1787334447,2026-08-21 11:47:27-06:00,,,,,,,,,,,,,,
metrobus,metrobus_vehicle_positions_enriched,2026-08-21T17:47:45Z,2026-08-21,20260821T174742Z,0f2af354-95b1-4fa1-bd2b-c32ebd0d3614,,,,,,69638,2626,002A928,19.30436897277832,-99.10139465332031,0.0,0.0,0.0,,,,1787334454,2026-08-21 11:47:34-06:00,,,,,,,,,,,,,,
metrobus,metrobus_vehicle_positions_enriched,2026-08-21T17:47:45Z,2026-08-21,20260821T174742Z,64cc93a0-2f90-4fc9-ac08-2a6a007b57ff,,19559,0.0,17:40:58,20260821,69648,2636,002A938,19.48339080810547,-99.09627532958984,201.0,8.0,28.8,,,,1787334450,2026-08-21 11:47:30-06:00,,,5,L05f05-1 río de los remedios - preparatoria 1,,3,141982,FFFFFF,,,,,,
metrobus,metrobus_vehicle_positions_enriched,2026-08-21T17:47:45Z,2026-08-21,20260821T174742Z,21e43365-325c-4aaf-8370-ae4765dbb308,,19492,0.0,17:12:41,20260821,69364,1305,1240178,19.416074752807617,-99.1652603149414,196.0,12.0,43.2,,,,1787334446,2026-08-21 11:47:26-06:00,,,1,L01a01-1 indios verdes - dr. gálvez,,3,D40D0D,FFFFFF,,,,,,
metrobus,metrobus_vehicle_positions_enriched,2026-08-21T17:47:45Z,2026-08-21,20260821T174742Z,b7d393a3-fc7b-46e5-9045-bff3c8f79419,,19558,1.0,17:04:18,20260821,69647,2635,TienepermisodeSEMOVI,19.39959144592285,-99.11344909667969,355.0,13.0,46.800000000000004,,,,1787334450,2026-08-21 11:47:30-06:00,,,5,L05f05-2 preparatoria 1 - río de los remedios,,3,141982,FFFFFF,,,,,,
metrobus,metrobus_vehicle_positions_enriched,2026-08-21T17:47:45Z,2026-08-21,20260821T174742Z,ed7da07c-b0e1-4d6e-9be3-20546550ad9d,,19491,1.0,17:46:03,20260821,69363,1304,1240177,19.336475372314453,-99.19002532958984,831.0,0.0,0.0,,,,1787334454,2026-08-21 11:47:34-06:00,,,1,L01a01-2 dr. gálvez - indios verdes,,3,D40D0D,FFFFFF,,,,,,
metrobus,metrobus_vehicle_positions_enriched,2026-08-21T17:47:45Z,2026-08-21,20260821T174742Z,f3185e5f-5f98-4d3c-9889-a74dee60e69c,,19492,0.0,17:26:22,20260821,74921,1303,1240176,19.446502685546875,-99.15326690673828,188.0,0.0,0.0,,,,1787334447,2026-08-21 11:47:27-06:00,,,1,L01a01-1 indios verdes - dr. gálvez,,3,D40D0D,FFFFFF,,,,,,
metrobus,metrobus_vehicle_positions_enriched,2026-08-21T17:47:45Z,2026-08-21,20260821T174742Z,9baa666b-7825-45a2-9eac-9a82c84730cc,,19557,1.0,17:39:38,20260821,69646,2634,002A936,19.302736282348633,-99.11288452148438,162.0,33.0,118.8,,,,1787334444,2026-08-21 11:47:24-06:00,,,5,L05f04-2 preparatoria 1 - san lázaro sur,,3,141982,FFFFFF,,,,,,
metrobus,metrobus_vehicle_positions_enriched,2026-08-21T17:47:45Z,2026-08-21,20260821T174742Z,ebbfbd63-41fc-49aa-b1cd-7c9e533a92c1,,19491,1.0,17:02:34,20260821,69361,1302,1240175,19.423078536987305,-99.16305541992188,222.0,21.0,75.60000000000001,,,,1787334451,2026-08-21 11:47:31-06:00,,,1,L01a01-2 dr. gálvez - indios verdes,,3,D40D0D,FFFFFF,,,,,,
metrobus,metrobus_vehicle_positions_enriched,2026-08-21T17:47:45Z,2026-08-21,20260821T174742Z,bb5a517f-075a-4605-8220-32b72f3fb92b,,19559,0.0,20:43:59,20260820,69645,2633,002A935,19.3064022064209,-99.1119384765625,192.0,0.0,0.0,,,,1787262481,2026-08-20 15:48:01-06:00,,,5,L05f05-1 río de los remedios - preparatoria 1,,3,141982,FFFFFF,,,,,,
metrobus,metrobus_vehicle_positions_enriched,2026-08-21T17:47:45Z,2026-08-21,20260821T174742Z,fb4b8419-06cd-425b-9aae-a50f8a17ff55,,19558,1.0,16:49:22,20260821,69644,2632,002A934,19.45491600036621,-99.10774230957031,218.0,15.0,54.0,,,,1787334457,2026-08-21 11:47:37-06:00,,,5,L05f05-2 preparatoria 1 - río de los remedios,,3,141982,FFFFFF,,,,,,
metrobus,metrobus_vehicle_positions_enriched,2026-08-21T17:47:45Z,2026-08-21,20260821T174742Z,35fa9940-3839-4eb7-ad8a-b40b86f4f23f,,,,,,69360,1301,1240174,19.4332332611084,-99.15853118896484,225.0,3.0,10.8,,,,1787334452,2026-08-21 11:47:32-06:00,,,,,,,,,,,,,,
metrobus,metrobus_vehicle_positions_enriched,2026-08-21T17:47:45Z,2026-08-21,20260821T174742Z,168a0fee-8a94-43fd-81bb-3595d1fcdd39,,19558,1.0,16:36:59,20260821,69643,2631,002A933,19.484390258789062,-99.09534454345703,217.0,37.0,133.20000000000002,,,,1787334454,2026-08-21 11:47:34-06:00,,,5,L05f05-2 preparatoria 1 - río de los remedios,,3,141982,FFFFFF,,,,,,
metrobus,metrobus_vehicle_positions_enriched,2026-08-21T17:47:45Z,2026-08-21,20260821T174742Z,fdeb523a-acd9-4107-8e8a-5c6212bfa484,,19559,0.0,17:00:39,20260821,69642,2630,002A932,19.353744506835938,-99.11082458496094,185.0,40.0,144.0,,,,1787334440,2026-08-21 11:47:20-06:00,,,5,L05f05-1 río de los remedios - preparatoria 1,,3,141982,FFFFFF,,,,,,
metrobus,metrobus_vehicle_positions_enriched,2026-08-21T17:47:45Z,2026-08-21,20260821T174742Z,5c3e8e77-2771-4530-9c75-7f94aaab93bf,,19491,1.0,17:26:20,20260821,69368,1309,1240182,19.382793426513672,-99.17597961425781,178.0,12.0,43.2,,,,1787334445,2026-08-21 11:47:25-06:00,,,1,L01a01-2 dr. gálvez - indios verdes,,3,D40D0D,FFFFFF,,,,,,
metrobus,metrobus_vehicle_positions_enriched,2026-08-21T17:47:45Z,2026-08-21,20260821T174742Z,bc08bec2-4ea1-416b-bad9-0707338c32fe,,20212,1.0,17:27:01,20260821,69651,2639,002A941,19.37479591369629,-99.10781860351562,337.0,0.0,0.0,,,,1787334442,2026-08-21 11:47:22-06:00,,,5,L05f03-2 las bombas - río de los remedios,,3,141982,FFFFFF,,,,,,
metrobus,metrobus_vehicle_positions_enriched,2026-08-21T17:47:45Z,2026-08-21,20260821T174742Z,e8e39edd-45b9-4707-9930-51748c6f6e31,,,,,,69367,1308,1240181,19.497758865356445,-99.11943054199219,192.0,0.0,0.0,,,,1787331377,2026-08-21 10:56:17-06:00,,,,,,,,,,,,,,
metrobus,metrobus_vehicle_positions_enriched,2026-08-21T17:47:45Z,2026-08-21,20260821T174742Z,492f87f1-3692-40d7-9fa1-66d55f5a22cc,,19492,0.0,17:10:55,20260821,69366,1307,1240180,19.413135528564453,-99.16622161865234,197.0,13.0,46.800000000000004,,,,1787334455,2026-08-21 11:47:35-06:00,,,1,L01a01-1 indios verdes - dr. gálvez,,3,D40D0D,FFFFFF,,,,,,
metrobus,metrobus_vehicle_positions_enriched,2026-08-21T17:47:45Z,2026-08-21,20260821T174742Z,a285e195-2ae2-4fc2-9a5d-58570f25e56e,,19558,1.0,16:41:57,20260821,69650,2638,002A940,19.4609317779541,-99.10533142089844,219.0,0.0,0.0,,,,1787334449,2026-08-21 11:47:29-06:00,,,5,L05f05-2 preparatoria 1 - río de los remedios,,3,141982,FFFFFF,,,,,,
metrobus,metrobus_vehicle_positions_enriched,2026-08-21T17:47:45Z,2026-08-21,20260821T174742Z,0b468160-f469-4ba9-b0a4-1884fb8b3991,,19491,1.0,17:13:00,20260821,69365,1306,1240179,19.413890838623047,-99.16588592529297,143.0,15.0,54.0,,,,1787334443,2026-08-21 11:47:23-06:00,,,1,L01a01-2 dr. gálvez - indios verdes,,3,D40D0D,FFFFFF,,,,,,
metrobus,metrobus_vehicle_positions_enriched,2026-08-21T17:47:45Z,2026-08-21,20260821T174742Z,7e46f163-e20c-4879-9ef5-ebd286e4f254,,,,,,69649,2637,002A939,19.303991317749023,-99.10167694091797,187.0,0.0,0.0,,,,1787331698,2026-08-21 11:01:38-06:00,,,,,,,,,,,,,,
metrobus,metrobus_vehicle_positions_enriched,2026-08-21T17:47:45Z,2026-08-21,20260821T174742Z,175e3ef9-32d7-47d4-a72b-3f3d0dfda3e3,,,,,,69662,2650,002A952,19.30437469482422,-99.10128021240234,181.0,0.0,0.0,,,,1787334144,2026-08-21 11:42:24-06:00,,,,,,,,,,,,,,
metrobus,metrobus_vehicle_positions_enriched,2026-08-21T17:47:45Z,2026-08-21,20260821T174742Z,de6c7fc8-0fb9-4ddc-a42e-b197733c21d9,,20211,0.0,16:56:53,20260821,69659,2647,002A949,19.348508834838867,-99.11124420166016,193.0,39.0,140.4,,,,1787334452,2026-08-21 11:47:32-06:00,,,5,L05f03-1 río de los remedios - las bombas,,3,141982,FFFFFF,,,,,,
metrobus,metrobus_vehicle_positions_enriched,2026-08-21T17:47:45Z,2026-08-21,20260821T174742Z,47f34a42-bab6-41cf-b054-6ae599313396,,19556,0.0,17:10:08,20260821,69658,2646,002A948,19.30654525756836,-99.11186981201172,192.0,0.0,0.0,,,,1787334453,2026-08-21 11:47:33-06:00,,,5,L05f04-1 san lázaro sur - preparatoria 1,,3,141982,FFFFFF,,,,,,
metrobus,metrobus_vehicle_positions_enriched,2026-08-21T17:47:45Z,2026-08-21,20260821T174742Z,72e916e7-ea84-4bea-8f72-9a75a2d39dc8,,19492,0.0,17:18:24,20260821,69373,1314,TienepermisodeSEMOVI,19.419979095458984,-99.16410064697266,196.0,16.0,57.6,,,,1787334452,2026-08-21 11:47:32-06:00,,,1,L01a01-1 indios verdes - dr. gálvez,,3,D40D0D,FFFFFF,,,,,,
metrobus,metrobus_vehicle_positions_enriched,2026-08-21T17:47:45Z,2026-08-21,20260821T174742Z,6c39547a-89f0-4854-92d8-9e857b89d147,,,,,,69657,2645,002A947,19.497325897216797,-99.12003326416016,183.0,12.0,43.2,,,,1787334442,2026-08-21 11:47:22-06:00,,,,,,,,,,,,,,
metrobus,metrobus_vehicle_positions_enriched,2026-08-21T17:47:45Z,2026-08-21,20260821T174742Z,0c533d84-a740-4eea-8cfa-1a5f0f3c651f,,,,,,69656,2644,002A946,19.30432891845703,-99.10148620605469,0.0,0.0,0.0,,,,1787334425,2026-08-21 11:47:05-06:00,,,,,,,,,,,,,,
metrobus,metrobus_vehicle_positions_enriched,2026-08-21T17:47:45Z,2026-08-21,20260821T174742Z,45471887-7b1d-491a-a3d1-9359763e3c3b,,19497,0.0,16:55:30,20260821,69372,1313,1240186,19.341157913208008,-99.18982696533203,198.0,30.0,108.0,,,,1787334449,2026-08-21 11:47:29-06:00,,,1,L01a03-1 buenavista - el caminero,,3,D40D0D,FFFFFF,,,,,,
metrobus,metrobus_vehicle_positions_enriched,2026-08-21T17:47:45Z,2026-08-21,20260821T174742Z,144d611f-e87a-428c-ab81-0bb486b1a453,,19499,0.0,17:45:19,20260821,69371,1312,1240185,19.486093521118164,-99.12481689453125,219.0,0.0,0.0,,,,1787334455,2026-08-21 11:47:35-06:00,,,1,L01a07-1 indios verdes - el caminero,,3,D40D0D,FFFFFF,,,,,,
metrobus,metrobus_vehicle_positions_enriched,2026-08-21T17:47:45Z,2026-08-21,20260821T174742Z,df3d525e-1406-4715-84a4-d04329eb2e3b,,19558,1.0,17:11:43,20260821,69655,2643,002A945,19.395856857299805,-99.11335754394531,359.0,51.0,183.6,,,,1787334443,2026-08-21 11:47:23-06:00,,,5,L05f05-2 preparatoria 1 - río de los remedios,,3,141982,FFFFFF,,,,,,
metrobus,metrobus_vehicle_positions_enriched,2026-08-21T17:47:45Z,2026-08-21,20260821T174742Z,40722192-a310-4d78-9a75-f0742bd314e6,,,,,,69370,1311,1240184,19.498395919799805,-99.11971282958984,143.0,30.0,108.0,,,,1787334452,2026-08-21 11:47:32-06:00,,,,,,,,,,,,,,
metrobus,metrobus_vehicle_positions_enriched,2026-08-21T17:47:45Z,2026-08-21,20260821T174742Z,d93b42ed-574c-4d0c-b8d0-7b0ad95b41cf,,20296,1.0,17:12:39,20260821,74262,2642,002A947,19.44011116027832,-99.148681640625,132.0,42.0,151.20000000000002,,,,1787334453,2026-08-21 11:47:33-06:00,,,1,L31a31-2 pueblo sta cruz atoyac - indios verdes,,3,42A76B,FFFFFF,,,,,,
metrobus,metrobus_vehicle_positions_enriched,2026-08-21T17:47:45Z,2026-08-21,20260821T174742Z,0fce2c75-ba6b-4e95-8149-ce0fb326ac00,,20211,0.0,16:50:10,20260821,69653,2641,002A943,19.338842391967773,-99.11306762695312,176.0,3.0,10.8,,,,1787334445,2026-08-21 11:47:25-06:00,,,5,L05f03-1 río de los remedios - las bombas,,3,141982,FFFFFF,,,,,,
metrobus,metrobus_vehicle_positions_enriched,2026-08-21T17:47:45Z,2026-08-21,20260821T174742Z,547a3c64-8bbb-4268-94ba-0a331fb5d5e4,,19491,1.0,17:39:35,20260821,74922,1310,1240183,19.358747482299805,-99.18374633789062,171.0,0.0,0.0,,,,1787334457,2026-08-21 11:47:37-06:00,,,1,L01a01-2 dr. gálvez - indios verdes,,3,D40D0D,FFFFFF,,,,,,
metrobus,metrobus_vehicle_positions_enriched,2026-08-21T17:47:45Z,2026-08-21,20260821T174742Z,24a21641-4d9c-4cda-8c25-4ee208d0d21f,,19556,0.0,17:18:17,20260821,69661,2649,002A951,19.326168060302734,-99.11381530761719,184.0,41.0,147.6,,,,1787334445,2026-08-21 11:47:25-06:00,,,5,L05f04-1 san lázaro sur - preparatoria 1,,3,141982,FFFFFF,,,,,,
metrobus,metrobus_vehicle_positions_enriched,2026-08-21T17:47:45Z,2026-08-21,20260821T174742Z,4c955634-1366-4d6d-9dcd-d5743de69165,,,,,,69660,2648,002A950,19.30438804626465,-99.1013412475586,0.0,0.0,0.0,,,,1787334453,2026-08-21 11:47:33-06:00,,,,,,,,,,,,,,
metrobus,metrobus_vehicle_positions_enriched,2026-08-21T17:47:45Z,2026-08-21,20260821T174742Z,261dfbe8-ac29-42ef-af76-f2002d417c98,,19556,0.0,17:40:18,20260821,69673,2661,002A963,19.404443740844727,-99.11363220214844,179.0,42.0,151.20000000000002,,,,1787334455,2026-08-21 11:47:35-06:00,,,5,L05f04-1 san lázaro sur - preparatoria 1,,3,141982,FFFFFF,,,,,,
metrobus,metrobus_vehicle_positions_enriched,2026-08-21T17:47:45Z,2026-08-21,20260821T174742Z,5d85d064-0e62-4aa5-b004-b9fb031f378d,,20211,0.0,17:23:36,20260821,69672,2660,002A962,19.441631317138672,-99.11333465576172,199.0,34.0,122.4,,,,1787334444,2026-08-21 11:47:24-06:00,,,5,L05f03-1 río de los remedios - las bombas,,3,141982,FFFFFF,,,,,,
metrobus,metrobus_vehicle_positions_enriched,2026-08-21T17:47:45Z,2026-08-21,20260821T174742Z,f25b4405-3732-4035-ab4d-527ce1f0b954,,19559,0.0,17:08:48,20260821,69670,2658,002A960,19.386533737182617,-99.1117935180664,168.0,19.0,68.4,,,,1787334446,2026-08-21 11:47:26-06:00,,,5,L05f05-1 río de los remedios - preparatoria 1,,3,141982,FFFFFF,,,,,,
metrobus,metrobus_vehicle_positions_enriched,2026-08-21T17:47:45Z,2026-08-21,20260821T174742Z,3a0bc7fd-9d57-4961-ad11-16a60b52014e,,19558,1.0,17:24:28,20260821,69669,2657,002A959,19.34309959411621,-99.11239624023438,122.0,14.0,50.4,,,,1787334454,2026-08-21 11:47:34-06:00,,,5,L05f05-2 preparatoria 1 - río de los remedios,,3,141982,FFFFFF,,,,,,
metrobus,metrobus_vehicle_positions_enriched,2026-08-21T17:47:45Z,2026-08-21,20260821T174742Z,abb865e3-0227-4c6a-b683-681483e5cb99,,,,,,69668,2656,002A958,19.30429458618164,-99.10160064697266,0.0,0.0,0.0,,,,1787161397,2026-08-19 11:43:17-06:00,,,,,,,,,,,,,,
metrobus,metrobus_vehicle_positions_enriched,2026-08-21T17:47:45Z,2026-08-21,20260821T174742Z,b720d98a-6006-4848-8733-a3e7e73ad661,,,,,,69667,2655,002A957,19.305240631103516,-99.1012954711914,705.0,0.0,0.0,,,,1787334455,2026-08-21 11:47:35-06:00,,,,,,,,,,,,,,
metrobus,metrobus_vehicle_positions_enriched,2026-08-21T17:47:45Z,2026-08-21,20260821T174742Z,24a4d830-09e8-462f-8165-2ebe852d9adf,,19559,0.0,17:38:36,20260821,69666,2654,002A956,19.47944450378418,-99.09796142578125,201.0,0.0,0.0,,,,1787334443,2026-08-21 11:47:23-06:00,,,5,L05f05-1 río de los remedios - preparatoria 1,,3,141982,FFFFFF,,,,,,
metrobus,metrobus_vehicle_positions_enriched,2026-08-21T17:47:45Z,2026-08-21,20260821T174742Z,c7307254-76fc-4641-8430-a4f09f90afde,,19556,0.0,17:44:44,20260821,69665,2653,002A955,19.418399810791016,-99.11224365234375,186.0,0.0,0.0,,,,1787334450,2026-08-21 11:47:30-06:00,,,5,L05f04-1 san lázaro sur - preparatoria 1,,3,141982,FFFFFF,,,,,,
metrobus,metrobus_vehicle_positions_enriched,2026-08-21T17:47:45Z,2026-08-21,20260821T174742Z,9cf88d80-6e3b-40b2-bd4c-eee09b42de42,,,,,,69664,2652,002A954,19.303455352783203,-99.10147094726562,184.0,0.0,0.0,,,,1787330767,2026-08-21 10:46:07-06:00,,,,,,,,,,,,,,
metrobus,metrobus_vehicle_positions_enriched,2026-08-21T17:47:45Z,2026-08-21,20260821T174742Z,a33a037e-8bff-4f07-8caa-cd214372dfab,,19558,1.0,17:16:48,20260821,69663,2651,002A953,19.371828079223633,-99.10765075683594,182.0,19.0,68.4,,,,1787334446,2026-08-21 11:47:26-06:00,,,5,L05f05-2 preparatoria 1 - río de los remedios,,3,141982,FFFFFF,,,,,,
metrobus,metrobus_vehicle_positions_enriched,2026-08-21T17:47:45Z,2026-08-21,20260821T174742Z,5b161781-13c1-4fa8-8909-d4c0c78f4c3b,,19576,0.0,17:12:22,20260821,70035,901,1280163,19.436046600341797,-99.14913177490234,244.0,0.0,0.0,,,,1787334451,2026-08-21 11:47:31-06:00,,,7,L07h01-1 indios verdes - campo marte,,3,116633,FFFFFF,,,,,,
metrobus,metrobus_vehicle_positions_enriched,2026-08-21T17:47:45Z,2026-08-21,20260821T174742Z,07e2d114-b47f-4d39-8ac3-36ec85e213a8,,19576,0.0,17:19:17,20260821,70036,902,1280164,19.441871643066406,-99.14187622070312,199.0,0.0,0.0,,,,1787334434,2026-08-21 11:47:14-06:00,,,7,L07h01-1 indios verdes - campo marte,,3,116633,FFFFFF,,,,,,
metrobus,metrobus_vehicle_positions_enriched,2026-08-21T17:47:45Z,2026-08-21,20260821T174742Z,0f54e238-d35b-44f8-92c8-9d548bf940c8,,19908,1.0,17:41:42,20260821,70037,903,1280165,19.424495697021484,-99.18441772460938,997.0,36.0,129.6,,,,1787334448,2026-08-21 11:47:28-06:00,,,7,L07h10-2 campo marte - garibaldi,,3,116633,FFFFFF,,,,,,
metrobus,metrobus_vehicle_positions_enriched,2026-08-21T17:47:45Z,2026-08-21,20260821T174742Z,38264632-8939-40be-8f05-28074c5cccbe,,19576,0.0,17:28:16,20260821,70038,904,1280166,19.45366859436035,-99.13065338134766,208.0,0.0,0.0,,,,1787334442,2026-08-21 11:47:22-06:00,,,7,L07h01-1 indios verdes - campo marte,,3,116633,FFFFFF,,,,,,
metrobus,metrobus_vehicle_positions_enriched,2026-08-21T17:47:45Z,2026-08-21,20260821T174742Z,d2084229-d6cc-4543-aadd-2fb13b67d9d9,,19577,1.0,16:50:07,20260821,70039,905,1280167,19.484167098999023,-99.11358642578125,295.0,9.0,32.4,,,,1787334442,2026-08-21 11:47:22-06:00,,,7,L07h01-2 campo marte - indios verdes,,3,116633,FFFFFF,,,,,,
metrobus,metrobus_vehicle_positions_enriched,2026-08-21T17:47:45Z,2026-08-21,20260821T174742Z,c58efd38-f885-41f8-b2fb-79dcf55f3fb9,,,,,,70040,906,1280168,19.464582443237305,-99.12630462646484,203.0,0.0,0.0,,,,1787334442,2026-08-21 11:47:22-06:00,,,,,,,,,,,,,,
metrobus,metrobus_vehicle_positions_enriched,2026-08-21T17:47:45Z,2026-08-21,20260821T174742Z,b343065c-70b5-467a-bdb9-9125d4cfdb80,,19559,0.0,16:32:14,20260821,69671,2659,002A961,19.27398681640625,-99.11978149414062,231.0,0.0,0.0,,,,1787334455,2026-08-21 11:47:35-06:00,,,5,L05f05-1 río de los remedios - preparatoria 1,,3,141982,FFFFFF,,,,,,
metrobus,metrobus_vehicle_positions_enriched,2026-08-21T17:47:45Z,2026-08-21,20260821T174742Z,79bb6dcf-ffb3-49b5-8868-d18da3ca9c6a,,19576,0.0,17:08:14,20260821,70041,907,1280169,19.4322452545166,-99.15678405761719,245.0,10.0,36.0,,,,1787334445,2026-08-21 11:47:25-06:00,,,7,L07h01-1 indios verdes - campo marte,,3,116633,FFFFFF,,,,,,
metrobus,metrobus_vehicle_positions_enriched,2026-08-21T17:47:45Z,2026-08-21,20260821T174742Z,3dc20ab2-3f81-41cb-9ea3-661c944ff3f8,,,,,,70042,908,1280170,19.46828269958496,-99.11072540283203,197.0,0.0,0.0,,,,1787334441,2026-08-21 11:47:21-06:00,,,,,,,,,,,,,,
metrobus,metrobus_vehicle_positions_enriched,2026-08-21T17:47:45Z,2026-08-21,20260821T174742Z,7f6e445e-7033-42a3-a8fd-4d472ae61048,,19583,1.0,17:20:47,20260821,70043,909,1280171,19.459278106689453,-99.12833404541016,192.0,0.0,0.0,,,,1787334444,2026-08-21 11:47:24-06:00,,,7,L07h04-2 la diana - indios verdes,,3,116633,FFFFFF,,,,,,
metrobus,metrobus_vehicle_positions_enriched,2026-08-21T17:47:45Z,2026-08-21,20260821T174742Z,be0ba77f-62e4-4ef6-b9fc-9a2223495a21,,19557,1.0,17:17:04,20260821,69680,2668,002A970,19.304147720336914,-99.10108947753906,276.0,0.0,0.0,,,,1787333648,2026-08-21 11:34:08-06:00,,,5,L05f04-2 preparatoria 1 - san lázaro sur,,3,141982,FFFFFF,,,,,,
metrobus,metrobus_vehicle_positions_enriched,2026-08-21T17:47:45Z,2026-08-21,20260821T174742Z,e54870b8-626e-4d6b-919f-f61f3be48e4f,,,,,,69679,2667,002A969,19.30440902709961,-99.10160064697266,0.0,0.0,0.0,,,,1787332671,2026-08-21 11:17:51-06:00,,,,,,,,,,,,,,
metrobus,metrobus_vehicle_positions_enriched,2026-08-21T17:47:45Z,2026-08-21,20260821T174742Z,a42a1ca5-943b-4850-890b-b662348e369a,,19559,0.0,17:27:37,20260821,69678,2666,002A968,19.45056915283203,-99.11012268066406,213.0,0.0,0.0,,,,1787334447,2026-08-21 11:47:27-06:00,,,5,L05f05-1 río de los remedios - preparatoria 1,,3,141982,FFFFFF,,,,,,
metrobus,metrobus_vehicle_positions_enriched,2026-08-21T17:47:45Z,2026-08-21,20260821T174742Z,fbbf55e2-2e7c-4490-b4d6-4089fd817c66,,,,,,69677,2665,002A967,19.30417823791504,-99.10086059570312,149.0,2.0,7.2,,,,1787334449,2026-08-21 11:47:29-06:00,,,,,,,,,,,,,,
metrobus,metrobus_vehicle_positions_enriched,2026-08-21T17:47:45Z,2026-08-21,20260821T174742Z,58a35a85-af71-4725-8d87-983c3f542ad5,,19557,1.0,17:29:18,20260821,69676,2664,002A966,19.334880828857422,-99.11392974853516,112.0,39.0,140.4,,,,1787334442,2026-08-21 11:47:22-06:00,,,5,L05f04-2 preparatoria 1 - san lázaro sur,,3,141982,FFFFFF,,,,,,
metrobus,metrobus_vehicle_positions_enriched,2026-08-21T17:47:45Z,2026-08-21,20260821T174742Z,1a7fd71e-3909-4e59-b3a9-39f3cfbb3087,,,,,,69675,2663,002A965,19.304330825805664,-99.10112762451172,0.0,0.0,0.0,,,,1787334450,2026-08-21 11:47:30-06:00,,,,,,,,,,,,,,
metrobus,metrobus_vehicle_positions_enriched,2026-08-21T17:47:45Z,2026-08-21,20260821T174742Z,00665ef5-dff1-444f-892b-52ec9948a31e,,20295,0.0,17:43:54,20260821,69674,2662,002A964,19.48076629638672,-99.12924194335938,218.0,22.0,79.2,,,,1787334454,2026-08-21 11:47:34-06:00,,,1,L31a31-1 indios verdes - pueblo sta cruz atoyac,,3,42A76B,FFFFFF,,,,,,
metrobus,metrobus_vehicle_positions_enriched,2026-08-21T17:47:45Z,2026-08-21,20260821T174742Z,c2e87b34-6ea2-4508-af2c-ee281ab889d2,,,,,,70044,910,1280172,19.508291244506836,-99.17261505126953,0.0,0.0,0.0,,,,1787334445,2026-08-21 11:47:25-06:00,,,,,,,,,,,,,,
metrobus,metrobus_vehicle_positions_enriched,2026-08-21T17:47:45Z,2026-08-21,20260821T174742Z,99761544-bb7d-4b20-80c5-9f138891a5fe,,19576,0.0,16:56:22,20260821,70045,911,1280173,19.423892974853516,-99.178955078125,277.0,39.0,140.4,,,,1787334455,2026-08-21 11:47:35-06:00,,,7,L07h01-1 indios verdes - campo marte,,3,116633,FFFFFF,,,,,,
metrobus,metrobus_vehicle_positions_enriched,2026-08-21T17:47:45Z,2026-08-21,20260821T174742Z,4d135718-e6cf-433d-970c-46cbe4c6c375,,19578,0.0,17:12:23,20260821,70046,912,1290114,19.43783950805664,-99.14629364013672,228.0,0.0,0.0,,,,1787334452,2026-08-21 11:47:32-06:00,,,7,L07h02-1 hospital infantil - campo marte,,3,116633,FFFFFF,,,,,,
metrobus,metrobus_vehicle_positions_enriched,2026-08-21T17:47:45Z,2026-08-21,20260821T174742Z,ceb701ab-5f88-4e19-b98c-2268240fc3a8,,19577,1.0,16:54:02,20260821,70047,913,1290115,19.47932243347168,-99.12078094482422,196.0,26.0,93.60000000000001,,,,1787334451,2026-08-21 11:47:31-06:00,,,7,L07h01-2 campo marte - indios verdes,,3,116633,FFFFFF,,,,,,
metrobus,metrobus_vehicle_positions_enriched,2026-08-21T17:47:45Z,2026-08-21,20260821T174742Z,e8f606e9-5424-4d21-a6ef-7c6cbef4e2b1,,19577,1.0,17:30:07,20260821,70048,914,1290116,19.42962646484375,-99.16181182861328,644.0,0.0,0.0,,,,1787334446,2026-08-21 11:47:26-06:00,,,7,L07h01-2 campo marte - indios verdes,,3,116633,FFFFFF,,,,,,
metrobus,metrobus_vehicle_positions_enriched,2026-08-21T17:47:45Z,2026-08-21,20260821T174742Z,13a28542-1ab6-4742-a39d-a4d8cb15cf74,,19577,1.0,17:03:56,20260821,70049,915,1290117,19.461252212524414,-99.12757873535156,212.0,0.0,0.0,,,,1787334442,2026-08-21 11:47:22-06:00,,,7,L07h01-2 campo marte - indios verdes,,3,116633,FFFFFF,,,,,,
metrobus,metrobus_vehicle_positions_enriched,2026-08-21T17:47:45Z,2026-08-21,20260821T174742Z,376beb79-7cbb-40ed-899c-1e6973c00b43,,19576,0.0,17:16:10,20260821,70050,916,1290118,19.441497802734375,-99.14234161376953,226.0,11.0,39.6,,,,1787334453,2026-08-21 11:47:33-06:00,,,7,L07h01-1 indios verdes - campo marte,,3,116633,FFFFFF,,,,,,
metrobus,metrobus_vehicle_positions_enriched,2026-08-21T17:47:45Z,2026-08-21,20260821T174742Z,1b428e48-4ae4-4101-bcd1-b37575fde81a,,,,,,70051,917,1290119,19.461105346679688,-99.1275634765625,213.0,0.0,0.0,,,,1787334455,2026-08-21 11:47:35-06:00,,,,,,,,,,,,,,
metrobus,metrobus_vehicle_positions_enriched,2026-08-21T17:47:45Z,2026-08-21,20260821T174742Z,269674f4-6baf-4922-be92-7976ea036c2a,,19576,0.0,17:22:20,20260821,70052,918,1290120,19.449342727661133,-99.13398742675781,216.0,25.0,90.0,,,,1787334449,2026-08-21 11:47:29-06:00,,,7,L07h01-1 indios verdes - campo marte,,3,116633,FFFFFF,,,,,,
metrobus,metrobus_vehicle_positions_enriched,2026-08-21T17:47:45Z,2026-08-21,20260821T174742Z,01dd2ec4-917a-4ab9-af1f-c2c19de93071,,19577,1.0,17:25:23,20260821,70053,919,1290121,19.433330535888672,-99.15409088134766,547.0,39.0,140.4,,,,1787334455,2026-08-21 11:47:35-06:00,,,7,L07h01-2 campo marte - indios verdes,,3,116633,FFFFFF,,,,,,
metrobus,metrobus_vehicle_positions_enriched,2026-08-21T17:47:45Z,2026-08-21,20260821T174742Z,c84f7655-714c-443f-acbb-c9b4f1267211,,19500,1.0,17:24:07,20260821,69501,1110,1230101,19.347320556640625,-99.18746185302734,207.0,30.0,108.0,,,,1787334448,2026-08-21 11:47:28-06:00,,,1,L01a07-2 el caminero - indios verdes,,3,D40D0D,FFFFFF,,,,,,
metrobus,metrobus_vehicle_positions_enriched,2026-08-21T17:47:45Z,2026-08-21,20260821T174742Z,cbe78d7c-37d7-4b1a-8867-2071137c819b,,19500,1.0,17:18:23,20260821,69498,1107,1230098,19.367469787597656,-99.18097686767578,306.0,0.0,0.0,,,,1787334450,2026-08-21 11:47:30-06:00,,,1,L01a07-2 el caminero - indios verdes,,3,D40D0D,FFFFFF,,,,,,
metrobus,metrobus_vehicle_positions_enriched,2026-08-21T17:47:45Z,2026-08-21,20260821T174742Z,89faf691-f59d-4537-8a4f-8fbf3b87f033,,19494,0.0,17:37:30,20260821,69497,1106,1230097,19.46265983581543,-99.1440658569336,212.0,10.0,36.0,,,,1787334452,2026-08-21 11:47:32-06:00,,,1,L01a02-1 indios verdes - insurgentes,,3,D40D0D,FFFFFF,,,,,,
metrobus,metrobus_vehicle_positions_enriched,2026-08-21T17:47:45Z,2026-08-21,20260821T174742Z,d9c3b848-2bcb-4965-9d08-5a3fe0d2d1d9,,19498,1.0,17:00:22,20260821,69496,1105,1230096,19.386030197143555,-99.17491912841797,174.0,0.0,0.0,,,,1787334440,2026-08-21 11:47:20-06:00,,,1,L01a03-2 el caminero - buenavista,,3,D40D0D,FFFFFF,,,,,,
metrobus,metrobus_vehicle_positions_enriched,2026-08-21T17:47:45Z,2026-08-21,20260821T174742Z,4ee4b67d-955e-4b50-97ea-c0877bd8ac2a,,19493,1.0,17:46:25,20260821,69495,1104,1230095,19.427194595336914,-99.16134643554688,233.0,42.0,151.20000000000002,,,,1787334447,2026-08-21 11:47:27-06:00,,,1,L01a02-2 insurgentes - indios verdes,,3,D40D0D,FFFFFF,,,,,,
metrobus,metrobus_vehicle_positions_enriched,2026-08-21T17:47:45Z,2026-08-21,20260821T174742Z,30f3f859-1890-4635-b76f-8c574f251cae,,19491,1.0,16:55:27,20260821,69494,1103,1230094,19.44437599182129,-99.15396118164062,237.0,0.0,0.0,,,,1787334445,2026-08-21 11:47:25-06:00,,,1,L01a01-2 dr. gálvez - indios verdes,,3,D40D0D,FFFFFF,,,,,,
metrobus,metrobus_vehicle_positions_enriched,2026-08-21T17:47:45Z,2026-08-21,20260821T174742Z,5673a90d-372d-49a0-b68d-bf7d805c8ad2,,19494,0.0,17:28:26,20260821,69493,1102,1230093,19.447057723999023,-99.15316772460938,189.0,0.0,0.0,,,,1787334448,2026-08-21 11:47:28-06:00,,,1,L01a02-1 indios verdes - insurgentes,,3,D40D0D,FFFFFF,,,,,,
metrobus,metrobus_vehicle_positions_enriched,2026-08-21T17:47:45Z,2026-08-21,20260821T174742Z,fbf8b780-eba6-449a-8223-570ba93e40b2,,19499,0.0,17:39:10,20260821,69492,1101,1230092,19.468631744384766,-99.13911437988281,219.0,17.0,61.2,,,,1787334447,2026-08-21 11:47:27-06:00,,,1,L01a07-1 indios verdes - el caminero,,3,D40D0D,FFFFFF,,,,,,
metrobus,metrobus_vehicle_positions_enriched,2026-08-21T17:47:45Z,2026-08-21,20260821T174742Z,825cf923-9156-42e5-be8a-355e378cb2ab,,,,,,70054,920,1290122,19.50834846496582,-99.1727066040039,0.0,0.0,0.0,,,,1787174886,2026-08-19 15:28:06-06:00,,,,,,,,,,,,,,
metrobus,metrobus_vehicle_positions_enriched,2026-08-21T17:47:45Z,2026-08-21,20260821T174742Z,250829f0-ab08-497d-b003-ef3ac56bc64c,,19578,0.0,16:56:16,20260821,70055,921,1290123,19.42411231994629,-99.17401885986328,244.0,18.0,64.8,,,,1787334450,2026-08-21 11:47:30-06:00,,,7,L07h02-1 hospital infantil - campo marte,,3,116633,FFFFFF,,,,,,
metrobus,metrobus_vehicle_positions_enriched,2026-08-21T17:47:45Z,2026-08-21,20260821T174742Z,de374cbd-a713-4205-ac26-f5c9d1d54965,,19576,0.0,17:42:01,20260821,70056,922,1290124,19.47891616821289,-99.12097930908203,199.0,0.0,0.0,,,,1787334453,2026-08-21 11:47:33-06:00,,,7,L07h01-1 indios verdes - campo marte,,3,116633,FFFFFF,,,,,,
metrobus,metrobus_vehicle_positions_enriched,2026-08-21T17:47:45Z,2026-08-21,20260821T174742Z,2a8a5609-7488-4dc0-a6ec-87a6336d089e,,19577,1.0,17:00:50,20260821,70057,923,1290125,19.467527389526367,-99.12520599365234,196.0,23.0,82.8,,,,1787334452,2026-08-21 11:47:32-06:00,,,7,L07h01-2 campo marte - indios verdes,,3,116633,FFFFFF,,,,,,
metrobus,metrobus_vehicle_positions_enriched,2026-08-21T17:47:45Z,2026-08-21,20260821T174742Z,613d423a-e40b-4422-9502-72eb4e2bf724,,19577,1.0,17:42:54,20260821,70058,924,1290126,19.42466926574707,-99.18548583984375,100.0,0.0,0.0,,,,1787334445,2026-08-21 11:47:25-06:00,,,7,L07h01-2 campo marte - indios verdes,,3,116633,FFFFFF,,,,,,
metrobus,metrobus_vehicle_positions_enriched,2026-08-21T17:47:45Z,2026-08-21,20260821T174742Z,225c2279-227a-4d3b-b88f-0bb1e45759bc,,19576,0.0,17:46:11,20260821,70059,925,1290127,19.486967086791992,-99.1178970336914,197.0,0.0,0.0,,,,1787334456,2026-08-21 11:47:36-06:00,,,7,L07h01-1 indios verdes - campo marte,,3,116633,FFFFFF,,,,,,
metrobus,metrobus_vehicle_positions_enriched,2026-08-21T17:47:45Z,2026-08-21,20260821T174742Z,cbe35c83-576c-4f79-a40d-9b8b2907c723,,19576,0.0,17:00:19,20260821,70060,926,1290128,19.425613403320312,-99.1707534790039,242.0,0.0,0.0,,,,1787334452,2026-08-21 11:47:32-06:00,,,7,L07h01-1 indios verdes - campo marte,,3,116633,FFFFFF,,,,,,
metrobus,metrobus_vehicle_positions_enriched,2026-08-21T17:47:45Z,2026-08-21,20260821T174742Z,738f9416-eb04-4a5d-a109-887b8c1bbb01,,19499,0.0,16:19:01,20260821,69500,1109,1230100,19.282987594604492,-99.17518615722656,145.0,23.0,82.8,,,,1787334444,2026-08-21 11:47:24-06:00,,,1,L01a07-1 indios verdes - el caminero,,3,D40D0D,FFFFFF,,,,,,
metrobus,metrobus_vehicle_positions_enriched,2026-08-21T17:47:45Z,2026-08-21,20260821T174742Z,337e7135-4656-40e4-b7ce-05631089a153,,,,,,70061,927,1290129,19.49243927001953,-99.12040710449219,325.0,0.0,0.0,,,,1787334451,2026-08-21 11:47:31-06:00,,,,,,,,,,,,,,
metrobus,metrobus_vehicle_positions_enriched,2026-08-21T17:47:45Z,2026-08-21,20260821T174742Z,75264b23-1f1a-49ad-88f9-c7dedebb3d51,,,,,,69499,1108,1230099,19.497257232666016,-99.11900329589844,126.0,7.0,25.2,,,,1787334456,2026-08-21 11:47:36-06:00,,,,,,,,,,,,,,
metrobus,metrobus_vehicle_positions_enriched,2026-08-21T17:47:45Z,2026-08-21,20260821T174742Z,3d31a41b-50c3-4846-9285-f64b4571f434,,,,,,70062,928,1290130,19.514846801757812,-99.15003967285156,0.0,0.0,0.0,,,,1787333167,2026-08-21 11:26:07-06:00,,,,,,,,,,,,,,
metrobus,metrobus_vehicle_positions_enriched,2026-08-21T17:47:45Z,2026-08-21,20260821T174742Z,67e9e12b-3ee3-4715-a069-ef0c723c81e9,,,,,,70063,929,1290131,19.492210388183594,-99.12032318115234,324.0,0.0,0.0,,,,1787334448,2026-08-21 11:47:28-06:00,,,,,,,,,,,,,,
metrobus,metrobus_vehicle_positions_enriched,2026-08-21T17:47:45Z,2026-08-21,20260821T174742Z,02761f68-b4ad-443d-95e6-a37ce0278e59,,19497,0.0,17:19:27,20260821,69512,1121,1230112,19.393068313598633,-99.17265319824219,195.0,0.0,0.0,,,,1787334454,2026-08-21 11:47:34-06:00,,,1,L01a03-1 buenavista - el caminero,,3,D40D0D,FFFFFF,,,,,,
metrobus,metrobus_vehicle_positions_enriched,2026-08-21T17:47:45Z,2026-08-21,20260821T174742Z,ea4c4b88-2434-435d-a290-033896c742fe,,,,,,69511,1120,1230111,19.497949600219727,-99.11969757080078,192.0,0.0,0.0,,,,1787334455,2026-08-21 11:47:35-06:00,,,,,,,,,,,,,,
metrobus,metrobus_vehicle_positions_enriched,2026-08-21T17:47:45Z,2026-08-21,20260821T174742Z,8bafb90b-3084-4ace-a091-dd55ba82310a,,19500,1.0,17:41:40,20260821,69509,1118,1230109,19.279613494873047,-99.16878509521484,318.0,0.0,0.0,,,,1787334446,2026-08-21 11:47:26-06:00,,,1,L01a07-2 el caminero - indios verdes,,3,D40D0D,FFFFFF,,,,,,
metrobus,metrobus_vehicle_positions_enriched,2026-08-21T17:47:45Z,2026-08-21,20260821T174742Z,585c610b-b583-4d84-92f1-1a093d8d9b5a,,,,,,69508,1117,1230108,19.50027847290039,-99.11930847167969,0.0,0.0,0.0,,,,1787334441,2026-08-21 11:47:21-06:00,,,,,,,,,,,,,,
metrobus,metrobus_vehicle_positions_enriched,2026-08-21T17:47:45Z,2026-08-21,20260821T174742Z,46444e4a-83c1-4586-a708-eef1f26eb593,,,,,,69507,1116,1230107,19.278575897216797,-99.16885375976562,274.0,0.0,0.0,,,,1787334445,2026-08-21 11:47:25-06:00,,,,,,,,,,,,,,
metrobus,metrobus_vehicle_positions_enriched,2026-08-21T17:47:45Z,2026-08-21,20260821T174742Z,2c79a8df-2779-430f-93d2-18786bf2b7a8,,19497,0.0,17:20:54,20260821,69506,1115,1230106,19.40162467956543,-99.16996002197266,199.0,9.0,32.4,,,,1787334449,2026-08-21 11:47:29-06:00,,,1,L01a03-1 buenavista - el caminero,,3,D40D0D,FFFFFF,,,,,,
metrobus,metrobus_vehicle_positions_enriched,2026-08-21T17:47:45Z,2026-08-21,20260821T174742Z,c3faba9f-3c16-4a3b-8414-06ceb14965e1,,19499,0.0,17:18:51,20260821,69505,1114,1230105,19.425142288208008,-99.16232299804688,202.0,30.0,108.0,,,,1787334447,2026-08-21 11:47:27-06:00,,,1,L01a07-1 indios verdes - el caminero,,3,D40D0D,FFFFFF,,,,,,
metrobus,metrobus_vehicle_positions_enriched,2026-08-21T17:47:45Z,2026-08-21,20260821T174742Z,e3c7b416-e83c-457c-86ed-f052894cc0ab,,19500,1.0,16:59:56,20260821,69504,1113,1230104,19.392452239990234,-99.1726303100586,195.0,0.0,0.0,,,,1787334443,2026-08-21 11:47:23-06:00,,,1,L01a07-2 el caminero - indios verdes,,3,D40D0D,FFFFFF,,,,,,
metrobus,metrobus_vehicle_positions_enriched,2026-08-21T17:47:45Z,2026-08-21,20260821T174742Z,4a8a602b-6b73-4a83-9585-25cee2537ccf,,19494,0.0,16:47:51,20260821,69503,1112,1230103,19.499937057495117,-99.11981964111328,112.0,0.0,0.0,,,,1787331399,2026-08-21 10:56:39-06:00,,,1,L01a02-1 indios verdes - insurgentes,,3,D40D0D,FFFFFF,,,,,,
metrobus,metrobus_vehicle_positions_enriched,2026-08-21T17:47:45Z,2026-08-21,20260821T174742Z,273d982c-22ab-416f-831e-8a7cf44fdaf2,,19582,0.0,17:38:23,20260821,70064,930,1290132,19.47710418701172,-99.12165069580078,198.0,44.0,158.4,,,,1787334445,2026-08-21 11:47:25-06:00,,,7,L07h04-1 indios verdes - la diana,,3,116633,FFFFFF,,,,,,
metrobus,metrobus_vehicle_positions_enriched,2026-08-21T17:47:45Z,2026-08-21,20260821T174742Z,11b66769-7162-4f83-88d2-48d0e7680226,,,,,,70065,931,1290133,19.508338928222656,-99.17282104492188,0.0,0.0,0.0,,,,1787250193,2026-08-20 12:23:13-06:00,,,,,,,,,,,,,,
metrobus,metrobus_vehicle_positions_enriched,2026-08-21T17:47:45Z,2026-08-21,20260821T174742Z,893b045f-2f33-4378-956f-1d6f953cbb08,,19497,0.0,17:35:18,20260821,69502,1111,1230102,19.427505493164062,-99.16126251220703,202.0,10.0,36.0,,,,1787334444,2026-08-21 11:47:24-06:00,,,1,L01a03-1 buenavista - el caminero,,3,D40D0D,FFFFFF,,,,,,
metrobus,metrobus_vehicle_positions_enriched,2026-08-21T17:47:45Z,2026-08-21,20260821T174742Z,fd39e358-f71e-4eeb-a61a-0dc9b8e7251e,,19576,0.0,16:50:15,20260821,70066,932,1290134,19.440183639526367,-99.14264678955078,0.0,0.0,0.0,,,,1787334449,2026-08-21 11:47:29-06:00,,,7,L07h01-1 indios verdes - campo marte,,3,116633,FFFFFF,,,,,,
metrobus,metrobus_vehicle_positions_enriched,2026-08-21T17:47:45Z,2026-08-21,20260821T174742Z,6c5c8dfb-5148-4af0-8c0a-ed3a08ff56b7,,19577,1.0,17:35:44,20260821,70067,933,1290135,19.426471710205078,-99.1690673828125,67.0,0.0,0.0,,,,1787334455,2026-08-21 11:47:35-06:00,,,7,L07h01-2 campo marte - indios verdes,,3,116633,FFFFFF,,,,,,
metrobus,metrobus_vehicle_positions_enriched,2026-08-21T17:47:45Z,2026-08-21,20260821T174742Z,670dc6c9-f93b-41a0-909e-c1515f91ca31,,,,,,70068,934,1290136,19.4874267578125,-99.09300231933594,0.0,0.0,0.0,,,,1787310957,2026-08-21 05:15:57-06:00,,,,,,,,,,,,,,
metrobus,metrobus_vehicle_positions_enriched,2026-08-21T17:47:45Z,2026-08-21,20260821T174742Z,bb64f1da-ebbf-4aa2-98f9-c6d204385319,,19576,0.0,17:34:17,20260821,70069,935,1290137,19.46853256225586,-99.12482452392578,200.0,0.0,0.0,,,,1787334456,2026-08-21 11:47:36-06:00,,,7,L07h01-1 indios verdes - campo marte,,3,116633,FFFFFF,,,,,,
metrobus,metrobus_vehicle_positions_enriched,2026-08-21T17:47:45Z,2026-08-21,20260821T174742Z,3cdc332a-9178-4855-8629-fc082c1d63f5,,19582,0.0,17:18:18,20260821,70070,936,1290138,19.448461532592773,-99.13483428955078,223.0,46.0,165.6,,,,1787334446,2026-08-21 11:47:26-06:00,,,7,L07h04-1 indios verdes - la diana,,3,116633,FFFFFF,,,,,,
metrobus,metrobus_vehicle_positions_enriched,2026-08-21T17:47:45Z,2026-08-21,20260821T174742Z,95afae57-d39a-4d15-83ac-f6cab53ef789,,19577,1.0,17:19:35,20260821,70071,937,1290139,19.436681747436523,-99.14742279052734,561.0,0.0,0.0,,,,1787334447,2026-08-21 11:47:27-06:00,,,7,L07h01-2 campo marte - indios verdes,,3,116633,FFFFFF,,,,,,
metrobus,metrobus_vehicle_positions_enriched,2026-08-21T17:47:45Z,2026-08-21,20260821T174742Z,b5bc2acf-5f43-4d18-b7dc-0a5c880b926d,,,,,,70072,938,1290140,19.51490592956543,-99.14993286132812,0.0,0.0,0.0,,,,1786397200,2026-08-10 15:26:40-06:00,,,,,,,,,,,,,,
metrobus,metrobus_vehicle_positions_enriched,2026-08-21T17:47:45Z,2026-08-21,20260821T174742Z,c7e43cfb-3183-4ccb-ab22-a9af1514998c,,,,,,70073,939,1290141,19.492761611938477,-99.12059783935547,326.0,0.0,0.0,,,,1787334446,2026-08-21 11:47:26-06:00,,,,,,,,,,,,,,
metrobus,metrobus_vehicle_positions_enriched,2026-08-21T17:47:45Z,2026-08-21,20260821T174742Z,e42badff-c4a4-4276-a578-daf539f2d34c,,19492,0.0,17:24:48,20260821,69510,1119,1230110,19.435823440551758,-99.15740966796875,202.0,0.0,0.0,,,,1787334452,2026-08-21 11:47:32-06:00,,,1,L01a01-1 indios verdes - dr. gálvez,,3,D40D0D,FFFFFF,,,,,,
metrobus,metrobus_vehicle_positions_enriched,2026-08-21T17:47:45Z,2026-08-21,20260821T174742Z,b5ad7f92-c0df-4613-a288-f8d8d1a0b604,,20212,1.0,16:52:07,20260821,69411,3310,TienepermisodeSEMOVI,19.468868255615234,-99.10193634033203,228.0,45.0,162.0,,,,1787334442,2026-08-21 11:47:22-06:00,,,5,L05f03-2 las bombas - río de los remedios,,3,141982,FFFFFF,,,,,,
metrobus,metrobus_vehicle_positions_enriched,2026-08-21T17:47:45Z,2026-08-21,20260821T174742Z,4dfcc731-6a16-4050-8295-45adf9ad58db,,19494,0.0,17:40:53,20260821,69523,1132,1230026,19.471405029296875,-99.13688659667969,219.0,55.0,198.0,,,,1787334445,2026-08-21 11:47:25-06:00,,,1,L01a02-1 indios verdes - insurgentes,,3,D40D0D,FFFFFF,,,,,,
metrobus,metrobus_vehicle_positions_enriched,2026-08-21T17:47:45Z,2026-08-21,20260821T174742Z,10dfdcc0-2e33-417b-9e20-115737c55a46,,19499,0.0,17:34:04,20260821,69522,1131,1230025,19.456106185913086,-99.1504898071289,234.0,31.0,111.60000000000001,,,,1787334457,2026-08-21 11:47:37-06:00,,,1,L01a07-1 indios verdes - el caminero,,3,D40D0D,FFFFFF,,,,,,
metrobus,metrobus_vehicle_positions_enriched,2026-08-21T17:47:45Z,2026-08-21,20260821T174742Z,e392da08-ac59-41b3-9442-93adea5c7cb6,,19499,0.0,16:42:26,20260821,69521,1130,1230024,19.350631713867188,-99.1865463256836,196.0,8.0,28.8,,,,1787334448,2026-08-21 11:47:28-06:00,,,1,L01a07-1 indios verdes - el caminero,,3,D40D0D,FFFFFF,,,,,,
metrobus,metrobus_vehicle_positions_enriched,2026-08-21T17:47:45Z,2026-08-21,20260821T174742Z,190524c6-a455-4a48-a4bf-ea87e14cab8a,,,,,,69408,3307,1230171,19.390771865844727,-99.04720306396484,0.0,0.0,0.0,,,,1787324983,2026-08-21 09:09:43-06:00,,,,,,,,,,,,,,
metrobus,metrobus_vehicle_positions_enriched,2026-08-21T17:47:45Z,2026-08-21,20260821T174742Z,a1b924b0-ac84-47ea-9fce-480f354acbfa,,19499,0.0,17:08:05,20260821,69520,1129,1230022,19.402772903442383,-99.16960144042969,196.0,0.0,0.0,,,,1787334445,2026-08-21 11:47:25-06:00,,,1,L01a07-1 indios verdes - el caminero,,3,D40D0D,FFFFFF,,,,,,
metrobus,metrobus_vehicle_positions_enriched,2026-08-21T17:47:45Z,2026-08-21,20260821T174742Z,c3b4d0bf-05c8-4517-8a57-c2db6920e644,,,,,,69407,3306,1230185,19.390525817871094,-99.0471420288086,257.0,0.0,0.0,,,,1787334443,2026-08-21 11:47:23-06:00,,,,,,,,,,,,,,
metrobus,metrobus_vehicle_positions_enriched,2026-08-21T17:47:45Z,2026-08-21,20260821T174742Z,fdae1fb2-9b62-48ae-9d17-23644ca3996f,,19497,0.0,16:37:49,20260821,69519,1128,003A008,19.29390525817871,-99.18083190917969,113.0,3.0,10.8,,,,1787334442,2026-08-21 11:47:22-06:00,,,1,L01a03-1 buenavista - el caminero,,3,D40D0D,FFFFFF,,,,,,
metrobus,metrobus_vehicle_positions_enriched,2026-08-21T17:47:45Z,2026-08-21,20260821T174742Z,b93ce33e-09da-459a-a6f4-5f973210116d,,19563,0.0,17:24:27,20260821,69406,3305,1230183,19.390291213989258,-99.0849609375,305.0,45.0,162.0,,,,1787334453,2026-08-21 11:47:33-06:00,,,2,L02c01-1 tepalcates - tacubaya,,3,8D1A96,FFFFFF,,,,,,
metrobus,metrobus_vehicle_positions_enriched,2026-08-21T17:47:45Z,2026-08-21,20260821T174742Z,ab3a22dc-0770-4295-9075-cd0848f2d2d4,,19492,0.0,17:37:33,20260821,69518,1127,003A007,19.465456008911133,-99.14192199707031,217.0,29.0,104.4,,,,1787334440,2026-08-21 11:47:20-06:00,,,1,L01a01-1 indios verdes - dr. gálvez,,3,D40D0D,FFFFFF,,,,,,
metrobus,metrobus_vehicle_positions_enriched,2026-08-21T17:47:45Z,2026-08-21,20260821T174742Z,3979b8c5-9d59-4d2b-a714-9a1bed672348,,19566,0.0,17:47:02,20260821,69405,3304,1230189,19.389986038208008,-99.04900360107422,208.0,26.0,93.60000000000001,,,,1787334452,2026-08-21 11:47:32-06:00,,,2,L02c03-1 tepalcates - col. del valle,,3,8D1A96,FFFFFF,,,,,,
metrobus,metrobus_vehicle_positions_enriched,2026-08-21T17:47:45Z,2026-08-21,20260821T174742Z,f9b04e5a-556a-4087-8298-3b195178de8c,,19491,1.0,17:39:03,20260821,69517,1126,003A006,19.361652374267578,-99.18281555175781,176.0,0.0,0.0,,,,1787334455,2026-08-21 11:47:35-06:00,,,1,L01a01-2 dr. gálvez - indios verdes,,3,D40D0D,FFFFFF,,,,,,
metrobus,metrobus_vehicle_positions_enriched,2026-08-21T17:47:45Z,2026-08-21,20260821T174742Z,f2907ee6-2035-4c5a-a445-167209e66711,,19563,0.0,17:04:23,20260821,69404,3303,1230179,19.39354133605957,-99.13442993164062,277.0,8.0,28.8,,,,1787334439,2026-08-21 11:47:19-06:00,,,2,L02c01-1 tepalcates - tacubaya,,3,8D1A96,FFFFFF,,,,,,
metrobus,metrobus_vehicle_positions_enriched,2026-08-21T17:47:45Z,2026-08-21,20260821T174742Z,1c84df66-2406-4b15-93ad-531c6f8d28b7,,19499,0.0,17:20:49,20260821,69516,1125,003A005,19.426883697509766,-99.16157531738281,202.0,36.0,129.6,,,,1787334446,2026-08-21 11:47:26-06:00,,,1,L01a07-1 indios verdes - el caminero,,3,D40D0D,FFFFFF,,,,,,
metrobus,metrobus_vehicle_positions_enriched,2026-08-21T17:47:45Z,2026-08-21,20260821T174742Z,594e5089-ddc5-4d73-a43a-2ae92a61dc4d,,,,,,69515,1124,003A004,19.446393966674805,-99.15203857421875,285.0,7.0,25.2,,,,1787334449,2026-08-21 11:47:29-06:00,,,,,,,,,,,,,,
metrobus,metrobus_vehicle_positions_enriched,2026-08-21T17:47:45Z,2026-08-21,20260821T174742Z,8d8ef1ab-a45c-4e3e-92d8-7b73c5f25e88,,19562,1.0,17:02:59,20260821,69403,3302,1230188,19.39179039001465,-99.08734893798828,129.0,25.0,90.0,,,,1787334449,2026-08-21 11:47:29-06:00,,,2,L02c01-2 tacubaya - tepalcates,,3,8D1A96,FFFFFF,,,,,,
metrobus,metrobus_vehicle_positions_enriched,2026-08-21T17:47:45Z,2026-08-21,20260821T174742Z,f36c5d78-8350-4894-9d76-f878768e031e,,,,,,70074,940,1290142,19.48725128173828,-99.09233093261719,0.0,0.0,0.0,,,,1786961915,2026-08-17 04:18:35-06:00,,,,,,,,,,,,,,
metrobus,metrobus_vehicle_positions_enriched,2026-08-21T17:47:45Z,2026-08-21,20260821T174742Z,21fa156a-130b-42b0-be82-599706cce786,,,,,,70075,941,1290143,19.46978759765625,-99.12442779541016,200.0,27.0,97.2,,,,1787277789,2026-08-20 20:03:09-06:00,,,,,,,,,,,,,,
metrobus,metrobus_vehicle_positions_enriched,2026-08-21T17:47:45Z,2026-08-21,20260821T174742Z,e7c91702-f4a1-4f77-8ea3-e53d73858e58,,19493,1.0,17:31:21,20260821,69514,1123,003A003,19.46265411376953,-99.14395904541016,427.0,0.0,0.0,,,,1787334445,2026-08-21 11:47:25-06:00,,,1,L01a02-2 insurgentes - indios verdes,,3,D40D0D,FFFFFF,,,,,,
metrobus,metrobus_vehicle_positions_enriched,2026-08-21T17:47:45Z,2026-08-21,20260821T174742Z,adf1ef48-8fcd-4eea-8f35-f016d83759a2,,19567,1.0,17:25:44,20260821,69402,3301,1230186,19.394468307495117,-99.14118957519531,988.0,37.0,133.20000000000002,,,,1787334455,2026-08-21 11:47:35-06:00,,,2,L02c03-2 col. del valle - tepalcates,,3,8D1A96,FFFFFF,,,,,,
metrobus,metrobus_vehicle_positions_enriched,2026-08-21T17:47:45Z,2026-08-21,20260821T174742Z,6d075acf-1bc0-4c3a-a393-7e9b5a23363b,,,,,,69513,1122,003A002,19.499231338500977,-99.11933898925781,0.0,0.0,0.0,,,,1787320092,2026-08-21 07:48:12-06:00,,,,,,,,,,,,,,
metrobus,metrobus_vehicle_positions_enriched,2026-08-21T17:47:45Z,2026-08-21,20260821T174742Z,3a3533ac-c581-4d74-8ced-cb72ac20581f,,19577,1.0,17:45:37,20260821,70076,942,1290144,19.425739288330078,-99.1917953491211,100.0,26.0,93.60000000000001,,,,1787334457,2026-08-21 11:47:37-06:00,,,7,L07h01-2 campo marte - indios verdes,,3,116633,FFFFFF,,,,,,
metrobus,metrobus_vehicle_positions_enriched,2026-08-21T17:47:45Z,2026-08-21,20260821T174742Z,2b3ddc52-7a55-4c62-a486-a27768817c7a,,19471,1.0,17:39:01,20260821,69324,701,1240014,19.502384185791016,-99.17871856689453,115.0,15.0,54.0,,,,1787334454,2026-08-21 11:47:34-06:00,,,6,L06g01-2 el rosario - villa de aragón,,3,E44599,FFFFFF,,,,,,
metrobus,metrobus_vehicle_positions_enriched,2026-08-21T17:47:45Z,2026-08-21,20260821T174742Z,54daff59-8687-45b8-aa2b-b945276dfc22,,19473,0.0,17:14:53,20260821,69325,702,1240015,19.48841094970703,-99.11351776123047,303.0,29.0,104.4,,,,1787334451,2026-08-21 11:47:31-06:00,,,6,L06g02-1 villa de aragón - ipn,,3,E44599,FFFFFF,,,,,,
metrobus,metrobus_vehicle_positions_enriched,2026-08-21T17:47:45Z,2026-08-21,20260821T174742Z,a48025a3-469b-4889-9528-c62460857db9,,,,,,69326,703,1240016,19.4808292388916,-99.07621002197266,318.0,0.0,0.0,,,,1787334442,2026-08-21 11:47:22-06:00,,,,,,,,,,,,,,
metrobus,metrobus_vehicle_positions_enriched,2026-08-21T17:47:45Z,2026-08-21,20260821T174742Z,9d0ff054-edea-4e54-9a6f-b73278667ef0,,19470,0.0,17:09:33,20260821,69327,704,1240017,19.487791061401367,-99.12541198730469,291.0,40.0,144.0,,,,1787334452,2026-08-21 11:47:32-06:00,,,6,L06g01-1 villa de aragón - el rosario,,3,E44599,FFFFFF,,,,,,
metrobus,metrobus_vehicle_positions_enriched,2026-08-21T17:47:45Z,2026-08-21,20260821T174742Z,8c7c21e5-d7f7-45a5-9fcf-0823806d4c66,,19470,0.0,17:22:10,20260821,69328,705,1240018,19.481271743774414,-99.10328674316406,292.0,42.0,151.20000000000002,,,,1787334443,2026-08-21 11:47:23-06:00,,,6,L06g01-1 villa de aragón - el rosario,,3,E44599,FFFFFF,,,,,,
metrobus,metrobus_vehicle_positions_enriched,2026-08-21T17:47:45Z,2026-08-21,20260821T174742Z,aeb20037-72e8-41f2-b56d-3189079cd7ac,,,,,,69329,706,1240019,19.490327835083008,-99.1324462890625,111.0,0.0,0.0,,,,1787334443,2026-08-21 11:47:23-06:00,,,,,,,,,,,,,,
metrobus,metrobus_vehicle_positions_enriched,2026-08-21T17:47:45Z,2026-08-21,20260821T174742Z,89f8d9e5-a5ed-424e-a32f-81a9fde19661,,19567,1.0,17:30:14,20260821,69410,3309,1230181,19.39554214477539,-99.15127563476562,955.0,0.0,0.0,,,,1787334454,2026-08-21 11:47:34-06:00,,,2,L02c03-2 col. del valle - tepalcates,,3,8D1A96,FFFFFF,,,,,,
metrobus,metrobus_vehicle_positions_enriched,2026-08-21T17:47:45Z,2026-08-21,20260821T174742Z,62d7f727-c351-4fe5-abca-cb7232b9bf3f,,19470,0.0,16:44:42,20260821,69330,707,1240020,19.51115608215332,-99.19300842285156,284.0,29.0,104.4,,,,1787334449,2026-08-21 11:47:29-06:00,,,6,L06g01-1 villa de aragón - el rosario,,3,E44599,FFFFFF,,,,,,
metrobus,metrobus_vehicle_positions_enriched,2026-08-21T17:47:45Z,2026-08-21,20260821T174742Z,fe5cc056-8f94-4511-86ed-6efa273aa3d4,,19474,0.0,17:29:17,20260821,69331,708,1240021,19.498579025268555,-99.169677734375,283.0,33.0,118.8,,,,1787334441,2026-08-21 11:47:21-06:00,,,6,L06g03-1 dep. 18 de marzo - el rosario,,3,E44599,FFFFFF,,,,,,
metrobus,metrobus_vehicle_positions_enriched,2026-08-21T17:47:45Z,2026-08-21,20260821T174742Z,7c30d81b-8156-4bfa-8ded-26338a16aad8,,19563,0.0,17:30:10,20260821,69409,3308,1230178,19.38442039489746,-99.07572937011719,193.0,0.0,0.0,,,,1787334449,2026-08-21 11:47:29-06:00,,,2,L02c01-1 tepalcates - tacubaya,,3,8D1A96,FFFFFF,,,,,,
metrobus,metrobus_vehicle_positions_enriched,2026-08-21T17:47:45Z,2026-08-21,20260821T174742Z,06b8e7e6-08b0-49c6-bb04-ccee3cd3be15,,19472,1.0,17:29:07,20260821,69332,709,1240022,19.47887420654297,-99.09776306152344,105.0,0.0,0.0,,,,1787334450,2026-08-21 11:47:30-06:00,,,6,L06g02-2 ipn - villa de aragón,,3,E44599,FFFFFF,,,,,,
metrobus,metrobus_vehicle_positions_enriched,2026-08-21T17:47:45Z,2026-08-21,20260821T174742Z,6b940f36-7962-41d7-a7e0-aed74d3c04b1,,19497,0.0,17:16:58,20260821,69534,1143,1230001,19.390710830688477,-99.17355346679688,196.0,0.0,0.0,,,,1787334455,2026-08-21 11:47:35-06:00,,,1,L01a03-1 buenavista - el caminero,,3,D40D0D,FFFFFF,,,,,,
metrobus,metrobus_vehicle_positions_enriched,2026-08-21T17:47:45Z,2026-08-21,20260821T174742Z,ab97b96a-71ed-482a-9032-bb25c0b78873,,19491,1.0,17:40:02,20260821,69533,1142,1230004,19.337549209594727,-99.19003295898438,347.0,0.0,0.0,,,,1787334454,2026-08-21 11:47:34-06:00,,,1,L01a01-2 dr. gálvez - indios verdes,,3,D40D0D,FFFFFF,,,,,,
metrobus,metrobus_vehicle_positions_enriched,2026-08-21T17:47:45Z,2026-08-21,20260821T174742Z,d1ec3219-52ad-468d-9644-1f935e853a6c,,19563,0.0,17:35:19,20260821,69421,3320,1230192,19.382837295532227,-99.06246948242188,280.0,26.0,93.60000000000001,,,,1787334441,2026-08-21 11:47:21-06:00,,,2,L02c01-1 tepalcates - tacubaya,,3,8D1A96,FFFFFF,,,,,,
metrobus,metrobus_vehicle_positions_enriched,2026-08-21T17:47:45Z,2026-08-21,20260821T174742Z,3fa154ed-e2c4-499e-8882-ca5e4aaf9a5b,,19494,0.0,17:24:22,20260821,69532,1141,1230045,19.43413734436035,-99.15817260742188,202.0,0.0,0.0,,,,1787334448,2026-08-21 11:47:28-06:00,,,1,L01a02-1 indios verdes - insurgentes,,3,D40D0D,FFFFFF,,,,,,
metrobus,metrobus_vehicle_positions_enriched,2026-08-21T17:47:45Z,2026-08-21,20260821T174742Z,a5223de4-430a-4db3-bf82-a6a519907f2a,,19497,0.0,17:43:33,20260821,69531,1140,1230044,19.444759368896484,-99.15386962890625,202.0,13.0,46.800000000000004,,,,1787334454,2026-08-21 11:47:34-06:00,,,1,L01a03-1 buenavista - el caminero,,3,D40D0D,FFFFFF,,,,,,
metrobus,metrobus_vehicle_positions_enriched,2026-08-21T17:47:45Z,2026-08-21,20260821T174742Z,0fce2297-cbd0-4a3a-8425-d1718436d07d,,19562,1.0,17:26:46,20260821,69419,3318,1230190,19.395793914794922,-99.15474700927734,941.0,0.0,0.0,,,,1787334456,2026-08-21 11:47:36-06:00,,,2,L02c01-2 tacubaya - tepalcates,,3,8D1A96,FFFFFF,,,,,,
metrobus,metrobus_vehicle_positions_enriched,2026-08-21T17:47:45Z,2026-08-21,20260821T174742Z,6b46e0ac-a499-488e-a1c9-9d9b61eb729f,,19498,1.0,16:51:34,20260821,69530,1139,1230040,19.410371780395508,-99.16705322265625,168.0,0.0,0.0,,,,1787334446,2026-08-21 11:47:26-06:00,,,1,L01a03-2 el caminero - buenavista,,3,D40D0D,FFFFFF,,,,,,
metrobus,metrobus_vehicle_positions_enriched,2026-08-21T17:47:45Z,2026-08-21,20260821T174742Z,10024984-ff08-489f-83af-d772b9bf07f4,,19559,0.0,17:35:37,20260821,69418,3317,TienepermisodeSEMOVI,19.475435256958008,-99.0997314453125,203.0,0.0,0.0,,,,1787334445,2026-08-21 11:47:25-06:00,,,5,L05f05-1 río de los remedios - preparatoria 1,,3,141982,FFFFFF,,,,,,
metrobus,metrobus_vehicle_positions_enriched,2026-08-21T17:47:45Z,2026-08-21,20260821T174742Z,95bb38c3-4759-41e0-b3de-0afae58f9364,,19472,1.0,17:24:46,20260821,69417,3316,TienepermisodeSEMOVI,19.475231170654297,-99.08892822265625,142.0,0.0,0.0,,,,1787334442,2026-08-21 11:47:22-06:00,,,6,L06g02-2 ipn - villa de aragón,,3,E44599,FFFFFF,,,,,,
metrobus,metrobus_vehicle_positions_enriched,2026-08-21T17:47:45Z,2026-08-21,20260821T174742Z,b6244220-1cb0-4c9e-a071-c27bac672ef4,,19492,0.0,17:09:11,20260821,69529,1138,1230038,19.499826431274414,-99.11925506591797,282.0,0.0,0.0,,,,1787334442,2026-08-21 11:47:22-06:00,,,1,L01a01-1 indios verdes - dr. gálvez,,3,D40D0D,FFFFFF,,,,,,
metrobus,metrobus_vehicle_positions_enriched,2026-08-21T17:47:45Z,2026-08-21,20260821T174742Z,44badb18-0dea-4808-9180-e56ba3364f09,,,,,,69416,3315,TienepermisodeSEMOVI,19.505924224853516,-99.08584594726562,200.0,42.0,151.20000000000002,,,,1787334443,2026-08-21 11:47:23-06:00,,,,,,,,,,,,,,
metrobus,metrobus_vehicle_positions_enriched,2026-08-21T17:47:45Z,2026-08-21,20260821T174742Z,04c9ed94-bd7c-440c-91a1-498619978235,,19497,0.0,17:33:02,20260821,69528,1137,1230037,19.424177169799805,-99.16300964355469,257.0,12.0,43.2,,,,1787334456,2026-08-21 11:47:36-06:00,,,1,L01a03-1 buenavista - el caminero,,3,D40D0D,FFFFFF,,,,,,
metrobus,metrobus_vehicle_positions_enriched,2026-08-21T17:47:45Z,2026-08-21,20260821T174742Z,573f3b11-ad9a-41b1-a9c6-df932f6e71de,,19499,0.0,16:36:36,20260821,69527,1136,1230031,19.320974349975586,-99.18827819824219,173.0,33.0,118.8,,,,1787334445,2026-08-21 11:47:25-06:00,,,1,L01a07-1 indios verdes - el caminero,,3,D40D0D,FFFFFF,,,,,,
metrobus,metrobus_vehicle_positions_enriched,2026-08-21T17:47:45Z,2026-08-21,20260821T174742Z,b38adc89-1e50-4858-90ce-b26a4fd999c6,,,,,,69415,3314,TienepermisodeSEMOVI,19.477529525756836,-99.06452941894531,236.0,0.0,0.0,,,,1787334443,2026-08-21 11:47:23-06:00,,,,,,,,,,,,,,
metrobus,metrobus_vehicle_positions_enriched,2026-08-21T17:47:45Z,2026-08-21,20260821T174742Z,a7ddfa76-0dd9-4ce0-bbbb-4c44a8621d13,,19499,0.0,15:15:34,20260821,69526,1135,1230029,19.49970817565918,-99.11959075927734,0.0,0.0,0.0,,,,1787331865,2026-08-21 11:04:25-06:00,,,1,L01a07-1 indios verdes - el caminero,,3,D40D0D,FFFFFF,,,,,,
metrobus,metrobus_vehicle_positions_enriched,2026-08-21T17:47:45Z,2026-08-21,20260821T174742Z,c5f2bba3-a5c8-4392-a860-850b9c5cc98a,,20212,1.0,17:27:00,20260821,69414,3313,TienepermisodeSEMOVI,19.376428604125977,-99.10836029052734,346.0,50.0,180.0,,,,1787334448,2026-08-21 11:47:28-06:00,,,5,L05f03-2 las bombas - río de los remedios,,3,141982,FFFFFF,,,,,,
metrobus,metrobus_vehicle_positions_enriched,2026-08-21T17:47:45Z,2026-08-21,20260821T174742Z,0880a2f6-617a-4af6-a366-8ff7cdd3d258,,19500,1.0,16:28:50,20260821,69525,1134,1230028,19.45227813720703,-99.15206146240234,126.0,49.0,176.4,,,,1787334341,2026-08-21 11:45:41-06:00,,,1,L01a07-2 el caminero - indios verdes,,3,D40D0D,FFFFFF,,,,,,
metrobus,metrobus_vehicle_positions_enriched,2026-08-21T17:47:45Z,2026-08-21,20260821T174742Z,beb2f268-3c29-4178-bb34-7b98736e6876,,19470,0.0,17:17:47,20260821,69413,3312,TienepermisodeSEMOVI,19.484127044677734,-99.1131591796875,282.0,12.0,43.2,,,,1787334445,2026-08-21 11:47:25-06:00,,,6,L06g01-1 villa de aragón - el rosario,,3,E44599,FFFFFF,,,,,,
metrobus,metrobus_vehicle_positions_enriched,2026-08-21T17:47:45Z,2026-08-21,20260821T174742Z,85f02fa1-9cd3-4b5d-a007-2551241fad42,,19473,0.0,17:08:11,20260821,69333,710,1240023,19.487655639648438,-99.12490844726562,292.0,31.0,111.60000000000001,,,,1787334441,2026-08-21 11:47:21-06:00,,,6,L06g02-1 villa de aragón - ipn,,3,E44599,FFFFFF,,,,,,
metrobus,metrobus_vehicle_positions_enriched,2026-08-21T17:47:45Z,2026-08-21,20260821T174742Z,69c74098-e608-478d-b37b-704279e7b6fd,,19470,0.0,17:24:53,20260821,69334,711,1240024,19.480253219604492,-99.10066223144531,293.0,0.0,0.0,,,,1787334449,2026-08-21 11:47:29-06:00,,,6,L06g01-1 villa de aragón - el rosario,,3,E44599,FFFFFF,,,,,,
metrobus,metrobus_vehicle_positions_enriched,2026-08-21T17:47:45Z,2026-08-21,20260821T174742Z,26779e1d-c5d8-4a76-8a1f-2a3f981b472b,,,,,,69412,3311,TienepermisodeSEMOVI,19.506479263305664,-99.08573150634766,216.0,0.0,0.0,,,,1787330348,2026-08-21 10:39:08-06:00,,,,,,,,,,,,,,
metrobus,metrobus_vehicle_positions_enriched,2026-08-21T17:47:45Z,2026-08-21,20260821T174742Z,6ca14fdb-6a78-46ca-8a97-ad245ee8fdfe,,19493,1.0,17:37:27,20260821,69524,1133,1230027,19.446149826049805,-99.15324401855469,113.0,0.0,0.0,,,,1787334450,2026-08-21 11:47:30-06:00,,,1,L01a02-2 insurgentes - indios verdes,,3,D40D0D,FFFFFF,,,,,,
metrobus,metrobus_vehicle_positions_enriched,2026-08-21T17:47:45Z,2026-08-21,20260821T174742Z,967e77f2-3cff-4c6a-9eb0-875069e415a8,,19473,0.0,17:45:27,20260821,69335,712,1240109,19.468320846557617,-99.06319427490234,312.0,0.0,0.0,,,,1787334448,2026-08-21 11:47:28-06:00,,,6,L06g02-1 villa de aragón - ipn,,3,E44599,FFFFFF,,,,,,
metrobus,metrobus_vehicle_positions_enriched,2026-08-21T17:47:45Z,2026-08-21,20260821T174742Z,97f8b97e-4cc6-4643-a4ef-e559594e010c,,19471,1.0,17:33:51,20260821,69336,713,1240110,19.496171951293945,-99.15906524658203,103.0,0.0,0.0,,,,1787334455,2026-08-21 11:47:35-06:00,,,6,L06g01-2 el rosario - villa de aragón,,3,E44599,FFFFFF,,,,,,
metrobus,metrobus_vehicle_positions_enriched,2026-08-21T17:47:45Z,2026-08-21,20260821T174742Z,2a0777d2-b113-49c2-8b46-ae63b12aa882,,19471,1.0,17:45:45,20260821,69337,714,1240111,19.511552810668945,-99.19740295410156,855.0,0.0,0.0,,,,1787334450,2026-08-21 11:47:30-06:00,,,6,L06g01-2 el rosario - villa de aragón,,3,E44599,FFFFFF,,,,,,
metrobus,metrobus_vehicle_positions_enriched,2026-08-21T17:47:45Z,2026-08-21,20260821T174742Z,8b2f2a69-fb55-4576-9d2c-f278b275e105,,19470,0.0,17:39:26,20260821,69338,715,1240112,19.479944229125977,-99.07536315917969,318.0,14.0,50.4,,,,1787334447,2026-08-21 11:47:27-06:00,,,6,L06g01-1 villa de aragón - el rosario,,3,E44599,FFFFFF,,,,,,
metrobus,metrobus_vehicle_positions_enriched,2026-08-21T17:47:45Z,2026-08-21,20260821T174742Z,4e863d05-92fe-4ecc-99eb-97ce3a5169e3,,19471,1.0,17:21:45,20260821,69339,716,ConPermisovencido,19.492570877075195,-99.14268493652344,103.0,0.0,0.0,,,,1787334450,2026-08-21 11:47:30-06:00,,,6,L06g01-2 el rosario - villa de aragón,,3,E44599,FFFFFF,,,,,,
metrobus,metrobus_vehicle_positions_enriched,2026-08-21T17:47:45Z,2026-08-21,20260821T174742Z,63f0f7a6-d841-4ff5-8b16-6052029e914b,,19473,0.0,17:24:16,20260821,69340,717,1240114,19.480350494384766,-99.10089874267578,293.0,0.0,0.0,,,,1787334457,2026-08-21 11:47:37-06:00,,,6,L06g02-1 villa de aragón - ipn,,3,E44599,FFFFFF,,,,,,
metrobus,metrobus_vehicle_positions_enriched,2026-08-21T17:47:45Z,2026-08-21,20260821T174742Z,eb0bef6d-1f23-44aa-98b9-119c8db3afcd,,19475,1.0,17:23:37,20260821,69341,718,1240115,19.489648818969727,-99.130615234375,108.0,49.0,176.4,,,,1787334448,2026-08-21 11:47:28-06:00,,,6,L06g03-2 el rosario- dep. 18 de marzo,,3,E44599,FFFFFF,,,,,,
metrobus,metrobus_vehicle_positions_enriched,2026-08-21T17:47:45Z,2026-08-21,20260821T174742Z,0e9c4d0f-ba63-405c-9c08-605a3fc495cb,,19470,0.0,17:35:01,20260821,69342,719,1240116,19.467504501342773,-99.08035278320312,187.0,0.0,0.0,,,,1787334454,2026-08-21 11:47:34-06:00,,,6,L06g01-1 villa de aragón - el rosario,,3,E44599,FFFFFF,,,,,,
metrobus,metrobus_vehicle_positions_enriched,2026-08-21T17:47:45Z,2026-08-21,20260821T174742Z,a7b541a2-92cd-4667-85f9-4f69b9455aef,,19563,0.0,17:17:47,20260821,69420,3319,1230191,19.396865844726562,-99.09827423095703,276.0,0.0,0.0,,,,1787334446,2026-08-21 11:47:26-06:00,,,2,L02c01-1 tepalcates - tacubaya,,3,8D1A96,FFFFFF,,,,,,
metrobus,metrobus_vehicle_positions_enriched,2026-08-21T17:47:45Z,2026-08-21,20260821T174742Z,f387e43e-aa75-4ef3-8c23-22010c5e2e3e,,19499,0.0,17:29:46,20260821,69538,1147,1230030,19.447284698486328,-99.15312194824219,189.0,0.0,0.0,,,,1787334446,2026-08-21 11:47:26-06:00,,,1,L01a07-1 indios verdes - el caminero,,3,D40D0D,FFFFFF,,,,,,
metrobus,metrobus_vehicle_positions_enriched,2026-08-21T17:47:45Z,2026-08-21,20260821T174742Z,734c6452-e333-409a-8993-af15759dae7a,,19471,1.0,17:31:01,20260821,69343,720,1240117,19.496131896972656,-99.1588134765625,102.0,0.0,0.0,,,,1787334452,2026-08-21 11:47:32-06:00,,,6,L06g01-2 el rosario - villa de aragón,,3,E44599,FFFFFF,,,,,,
metrobus,metrobus_vehicle_positions_enriched,2026-08-21T17:47:45Z,2026-08-21,20260821T174742Z,6ae45cca-e112-4359-b089-fc8aba6c3fb8,,19499,0.0,17:10:14,20260821,69537,1146,1230023,19.412891387939453,-99.16630554199219,197.0,17.0,61.2,,,,1787334444,2026-08-21 11:47:24-06:00,,,1,L01a07-1 indios verdes - el caminero,,3,D40D0D,FFFFFF,,,,,,
metrobus,metrobus_vehicle_positions_enriched,2026-08-21T17:47:45Z,2026-08-21,20260821T174742Z,c8d95508-a5e9-40b0-a281-97627851e743,,19498,1.0,16:39:43,20260821,69536,1145,1230041,19.417570114135742,-99.16473388671875,149.0,26.0,93.60000000000001,,,,1787334447,2026-08-21 11:47:27-06:00,,,1,L01a03-2 el caminero - buenavista,,3,D40D0D,FFFFFF,,,,,,
metrobus,metrobus_vehicle_positions_enriched,2026-08-21T17:47:45Z,2026-08-21,20260821T174742Z,8ff9eebf-1e50-41e7-a2e9-8b7bf83eca85,,19470,0.0,16:54:31,20260821,69344,721,1240118,19.497465133666992,-99.16453552246094,288.0,0.0,0.0,,,,1787334450,2026-08-21 11:47:30-06:00,,,6,L06g01-1 villa de aragón - el rosario,,3,E44599,FFFFFF,,,,,,
metrobus,metrobus_vehicle_positions_enriched,2026-08-21T17:47:45Z,2026-08-21,20260821T174742Z,19792584-99e0-4d46-8f38-de6e9d9c3bd3,,19471,1.0,17:06:36,20260821,69345,722,1240159,19.480304718017578,-99.10121154785156,113.0,14.0,50.4,,,,1787334444,2026-08-21 11:47:24-06:00,,,6,L06g01-2 el rosario - villa de aragón,,3,E44599,FFFFFF,,,,,,
metrobus,metrobus_vehicle_positions_enriched,2026-08-21T17:47:45Z,2026-08-21,20260821T174742Z,57d4386b-1c87-494b-91dc-41c4771c6a29,,19492,0.0,17:01:40,20260821,69535,1144,1230047,19.39035987854004,-99.17357635498047,197.0,0.0,0.0,,,,1787334457,2026-08-21 11:47:37-06:00,,,1,L01a01-1 indios verdes - dr. gálvez,,3,D40D0D,FFFFFF,,,,,,
metrobus,metrobus_vehicle_positions_enriched,2026-08-21T17:47:45Z,2026-08-21,20260821T174742Z,3b216b37-39cd-43b1-a46a-290f5238c3bb,,19472,1.0,17:15:44,20260821,69346,723,1240160,19.47371482849121,-99.07023620605469,135.0,0.0,0.0,,,,1787334442,2026-08-21 11:47:22-06:00,,,6,L06g02-2 ipn - villa de aragón,,3,E44599,FFFFFF,,,,,,
metrobus,metrobus_vehicle_positions_enriched,2026-08-21T17:47:45Z,2026-08-21,20260821T174742Z,e889b0c2-b15a-43a5-b952-7d17737f9e86,,,,,,69347,724,1240161,19.471282958984375,-99.0864486694336,329.0,14.0,50.4,,,,1787334458,2026-08-21 11:47:38-06:00,,,,,,,,,,,,,,
metrobus,metrobus_vehicle_positions_enriched,2026-08-21T17:47:45Z,2026-08-21,20260821T174742Z,2fe3be31-2f74-4d4f-89d5-8a9588740f3e,,19471,1.0,17:26:07,20260821,69348,725,1240162,19.493711471557617,-99.14788055419922,102.0,0.0,0.0,,,,1787334448,2026-08-21 11:47:28-06:00,,,6,L06g01-2 el rosario - villa de aragón,,3,E44599,FFFFFF,,,,,,
metrobus,metrobus_vehicle_positions_enriched,2026-08-21T17:47:45Z,2026-08-21,20260821T174742Z,827e3642-2145-4a21-9c64-f664a084f7bc,,19470,0.0,16:55:43,20260821,69349,726,1240163,19.497163772583008,-99.16312408447266,283.0,48.0,172.8,,,,1787334446,2026-08-21 11:47:26-06:00,,,6,L06g01-1 villa de aragón - el rosario,,3,E44599,FFFFFF,,,,,,
metrobus,metrobus_vehicle_positions_enriched,2026-08-21T17:47:45Z,2026-08-21,20260821T174742Z,55cff2c2-eab8-4bd6-b900-ffad024eadb0,,19471,1.0,16:51:29,20260821,69350,727,1240164,19.46727752685547,-99.08080291748047,104.0,0.0,0.0,,,,1787334456,2026-08-21 11:47:36-06:00,,,6,L06g01-2 el rosario - villa de aragón,,3,E44599,FFFFFF,,,,,,
metrobus,metrobus_vehicle_positions_enriched,2026-08-21T17:47:45Z,2026-08-21,20260821T174742Z,6573a51f-c34d-4a9d-8a43-c9a321616a18,,,,,,69351,728,1240165,19.465356826782227,-99.05982971191406,314.0,0.0,0.0,,,,1787334451,2026-08-21 11:47:31-06:00,,,,,,,,,,,,,,
metrobus,metrobus_vehicle_positions_enriched,2026-08-21T17:47:45Z,2026-08-21,20260821T174742Z,add0a73f-0724-40b8-8c79-041b2831e0d0,,19473,0.0,17:12:43,20260821,69352,729,1240166,19.486751556396484,-99.12247467041016,295.0,15.0,54.0,,,,1787334442,2026-08-21 11:47:22-06:00,,,6,L06g02-1 villa de aragón - ipn,,3,E44599,FFFFFF,,,,,,
metrobus,metrobus_vehicle_positions_enriched,2026-08-21T17:47:45Z,2026-08-21,20260821T174742Z,a093b911-15b7-43fe-91b1-4d754f5d8e83,,19562,1.0,04:19:46,20260821,70117,3343,1250008,19.393474578857422,-99.13467407226562,305.0,11.0,39.6,,,,1787287328,2026-08-20 22:42:08-06:00,,,2,L02c01-2 tacubaya - tepalcates,,3,8D1A96,FFFFFF,,,,,,
metrobus,metrobus_vehicle_positions_enriched,2026-08-21T17:47:45Z,2026-08-21,20260821T174742Z,50bead6e-0444-4c6e-96ec-ec9b3e918b39,,19564,0.0,16:29:00,20260821,70116,3342,1250009,19.386537551879883,-99.05985260009766,980.0,0.0,0.0,,,,1787333417,2026-08-21 11:30:17-06:00,,,2,L02c02-1 tepalcates - etiopía l3,,3,8D1A96,FFFFFF,,,,,,
metrobus,metrobus_vehicle_positions_enriched,2026-08-21T17:47:45Z,2026-08-21,20260821T174742Z,a90fdf6e-aeda-4516-922e-1a8616b2a772,,,,,,70115,3341,1250013,19.390857696533203,-99.04718017578125,119.0,0.0,0.0,,,,1787334448,2026-08-21 11:47:28-06:00,,,,,,,,,,,,,,
metrobus,metrobus_vehicle_positions_enriched,2026-08-21T17:47:45Z,2026-08-21,20260821T174742Z,19045dbb-b54d-47af-a6e2-44547012fe54,,19562,1.0,17:25:00,20260821,70114,3340,1250014,19.39520835876465,-99.1466293334961,933.0,12.0,43.2,,,,1787334441,2026-08-21 11:47:21-06:00,,,2,L02c01-2 tacubaya - tepalcates,,3,8D1A96,FFFFFF,,,,,,
metrobus,metrobus_vehicle_positions_enriched,2026-08-21T17:47:45Z,2026-08-21,20260821T174742Z,6cd34b6b-eaf1-48d4-b2d9-91cdc8274c96,,19563,0.0,16:48:52,20260821,70113,3339,1250012,19.396568298339844,-99.16234588623047,282.0,29.0,104.4,,,,1787334442,2026-08-21 11:47:22-06:00,,,2,L02c01-1 tepalcates - tacubaya,,3,8D1A96,FFFFFF,,,,,,
metrobus,metrobus_vehicle_positions_enriched,2026-08-21T17:47:45Z,2026-08-21,20260821T174742Z,647b21e4-c260-47aa-9a00-aa20829994c0,,19566,0.0,16:46:14,20260821,70112,3338,1250011,19.397703170776367,-99.1712417602539,197.0,4.0,14.4,,,,1787334451,2026-08-21 11:47:31-06:00,,,2,L02c03-1 tepalcates - col. del valle,,3,8D1A96,FFFFFF,,,,,,
metrobus,metrobus_vehicle_positions_enriched,2026-08-21T17:47:45Z,2026-08-21,20260821T174742Z,91bd3541-f63f-4067-ad97-92476982cbe9,,,,,,69353,730,1240167,19.464754104614258,-99.05918884277344,314.0,0.0,0.0,,,,1787334371,2026-08-21 11:46:11-06:00,,,,,,,,,,,,,,
metrobus,metrobus_vehicle_positions_enriched,2026-08-21T17:47:45Z,2026-08-21,20260821T174742Z,f6ff62b1-0849-4efe-848d-b2484cd312f1,,19471,1.0,17:14:42,20260821,69354,731,1240168,19.483261108398438,-99.11396789550781,187.0,0.0,0.0,,,,1787334455,2026-08-21 11:47:35-06:00,,,6,L06g01-2 el rosario - villa de aragón,,3,E44599,FFFFFF,,,,,,
metrobus,metrobus_vehicle_positions_enriched,2026-08-21T17:47:45Z,2026-08-21,20260821T174742Z,4990a99a-0f27-47a1-8e00-f8cdd85aacda,,19471,1.0,17:08:54,20260821,69355,732,1240169,19.482669830322266,-99.10680389404297,111.0,0.0,0.0,,,,1787334454,2026-08-21 11:47:34-06:00,,,6,L06g01-2 el rosario - villa de aragón,,3,E44599,FFFFFF,,,,,,
metrobus,metrobus_vehicle_positions_enriched,2026-08-21T17:47:45Z,2026-08-21,20260821T174742Z,43043600-ccd2-4640-a1b9-61d8247d658f,,19472,1.0,17:41:16,20260821,69356,733,1240170,19.484134674072266,-99.11894989013672,155.0,22.0,79.2,,,,1787334453,2026-08-21 11:47:33-06:00,,,6,L06g02-2 ipn - villa de aragón,,3,E44599,FFFFFF,,,,,,
metrobus,metrobus_vehicle_positions_enriched,2026-08-21T17:47:45Z,2026-08-21,20260821T174742Z,4a13c50b-08cf-405d-b57c-7730e61a234c,,19473,0.0,17:36:23,20260821,69357,734,1240171,19.4769229888916,-99.07864379882812,200.0,46.0,165.6,,,,1787334444,2026-08-21 11:47:24-06:00,,,6,L06g02-1 villa de aragón - ipn,,3,E44599,FFFFFF,,,,,,
metrobus,metrobus_vehicle_positions_enriched,2026-08-21T17:47:45Z,2026-08-21,20260821T174742Z,df86e281-2692-4ef0-9ae0-b55252ab6af9,,19471,1.0,17:17:05,20260821,69358,735,1240172,19.484079360961914,-99.11872863769531,117.0,26.0,93.60000000000001,,,,1787334447,2026-08-21 11:47:27-06:00,,,6,L06g01-2 el rosario - villa de aragón,,3,E44599,FFFFFF,,,,,,
metrobus,metrobus_vehicle_positions_enriched,2026-08-21T17:47:45Z,2026-08-21,20260821T174742Z,c2d2709c-fe6d-4da0-8b1b-10caa9948a04,,19470,0.0,16:46:38,20260821,69359,736,1240173,19.511089324951172,-99.19243621826172,281.0,0.0,0.0,,,,1787334443,2026-08-21 11:47:23-06:00,,,6,L06g01-1 villa de aragón - el rosario,,3,E44599,FFFFFF,,,,,,
metrobus,metrobus_vehicle_positions_enriched,2026-08-21T17:47:45Z,2026-08-21,20260821T174742Z,9d93f11f-1fb0-48e2-a226-4689fc005f15,,19566,0.0,17:28:34,20260821,69725,3353,1250030,19.38470458984375,-99.07660675048828,305.0,17.0,61.2,,,,1787334458,2026-08-21 11:47:38-06:00,,,2,L02c03-1 tepalcates - col. del valle,,3,8D1A96,FFFFFF,,,,,,
metrobus,metrobus_vehicle_positions_enriched,2026-08-21T17:47:45Z,2026-08-21,20260821T174742Z,8e428a6a-6f0b-439c-862d-9a90588e5289,,19567,1.0,16:47:43,20260821,69724,3352,1250029,19.39386749267578,-99.05155181884766,121.0,40.0,144.0,,,,1787334448,2026-08-21 11:47:28-06:00,,,2,L02c03-2 col. del valle - tepalcates,,3,8D1A96,FFFFFF,,,,,,
metrobus,metrobus_vehicle_positions_enriched,2026-08-21T17:47:45Z,2026-08-21,20260821T174742Z,c969d852-f339-4f20-9aef-97602984c87c,,19563,0.0,17:44:28,20260821,69723,3351,1250028,19.383386611938477,-99.06084442138672,188.0,0.0,0.0,,,,1787334449,2026-08-21 11:47:29-06:00,,,2,L02c01-1 tepalcates - tacubaya,,3,8D1A96,FFFFFF,,,,,,
metrobus,metrobus_vehicle_positions_enriched,2026-08-21T17:47:45Z,2026-08-21,20260821T174742Z,5cb7cbc8-adcc-441d-be54-d57745f22f71,,,,,,70120,3346,003A018,19.38705062866211,-99.05996704101562,357.0,0.0,0.0,,,,1786672044,2026-08-13 19:47:24-06:00,,,,,,,,,,,,,,
metrobus,metrobus_vehicle_positions_enriched,2026-08-21T17:47:45Z,2026-08-21,20260821T174742Z,2f996fda-b0b0-499c-a06e-e5e775956f58,,19567,1.0,16:56:52,20260821,70119,3345,1250007,19.38298225402832,-99.06334686279297,100.0,48.0,172.8,,,,1787334455,2026-08-21 11:47:35-06:00,,,2,L02c03-2 col. del valle - tepalcates,,3,8D1A96,FFFFFF,,,,,,
metrobus,metrobus_vehicle_positions_enriched,2026-08-21T17:47:45Z,2026-08-21,20260821T174742Z,9856f005-9feb-4066-b3eb-4c5e5f9748ba,,19564,0.0,16:52:12,20260821,70118,3344,1250006,19.386568069458008,-99.05997467041016,183.0,0.0,0.0,,,,1787333307,2026-08-21 11:28:27-06:00,,,2,L02c02-1 tepalcates - etiopía l3,,3,8D1A96,FFFFFF,,,,,,
metrobus,metrobus_vehicle_positions_enriched,2026-08-21T17:47:45Z,2026-08-21,20260821T174742Z,3d17cf91-ebd8-4fd5-8899-efe59cd023c8,,19515,0.0,17:15:40,20260821,69211,509,1260137,19.424768447875977,-99.12561798095703,188.0,15.0,54.0,,,,1787334453,2026-08-21 11:47:33-06:00,,,4,L04e02-1 buenavista - san lázaro ote,,3,FF9A03,FFFFFF,,,,,,
metrobus,metrobus_vehicle_positions_enriched,2026-08-21T17:47:45Z,2026-08-21,20260821T174742Z,1f44ee2e-c1d2-43f5-9f23-18afd09e23ba,,19473,0.0,17:26:53,20260821,69726,751,1280022,19.479209899902344,-99.09815216064453,286.0,37.0,133.20000000000002,,,,1787334448,2026-08-21 11:47:28-06:00,,,6,L06g02-1 villa de aragón - ipn,,3,E44599,FFFFFF,,,,,,
metrobus,metrobus_vehicle_positions_enriched,2026-08-21T17:47:45Z,2026-08-21,20260821T174742Z,0d13a62b-cbc2-465b-a9ea-7c0ef7cad02d,,19474,0.0,17:40:41,20260821,69727,752,1280023,19.49168586730957,-99.1375732421875,283.0,46.0,165.6,,,,1787334447,2026-08-21 11:47:27-06:00,,,6,L06g03-1 dep. 18 de marzo - el rosario,,3,E44599,FFFFFF,,,,,,
metrobus,metrobus_vehicle_positions_enriched,2026-08-21T17:47:45Z,2026-08-21,20260821T174742Z,3b2dcf94-561c-4148-a908-51b11da3b361,,19515,0.0,17:27:43,20260821,69212,510,1260138,19.430009841918945,-99.1391372680664,998.0,0.0,0.0,,,,1787334454,2026-08-21 11:47:34-06:00,,,4,L04e02-1 buenavista - san lázaro ote,,3,FF9A03,FFFFFF,,,,,,
metrobus,metrobus_vehicle_positions_enriched,2026-08-21T17:47:45Z,2026-08-21,20260821T174742Z,e924503a-637e-4dd8-916a-c42146378b10,,,,,,69728,753,1280024,19.506816864013672,-99.19610595703125,0.0,0.0,0.0,,,,1787334454,2026-08-21 11:47:34-06:00,,,,,,,,,,,,,,
metrobus,metrobus_vehicle_positions_enriched,2026-08-21T17:47:45Z,2026-08-21,20260821T174742Z,1c33f2e3-97ef-4153-a5ff-4c46acfc1142,,,,,,69213,511,1260139,19.398710250854492,-99.0761489868164,0.0,0.0,0.0,,,,1785603127,2026-08-01 10:52:07-06:00,,,,,,,,,,,,,,
metrobus,metrobus_vehicle_positions_enriched,2026-08-21T17:47:45Z,2026-08-21,20260821T174742Z,5adf4a6f-0f19-4cf8-b28c-14ab4283ffb8,,19473,0.0,17:45:10,20260821,69729,754,1280025,19.468782424926758,-99.06375122070312,312.0,0.0,0.0,,,,1787334446,2026-08-21 11:47:26-06:00,,,6,L06g02-1 villa de aragón - ipn,,3,E44599,FFFFFF,,,,,,
metrobus,metrobus_vehicle_positions_enriched,2026-08-21T17:47:45Z,2026-08-21,20260821T174742Z,c94af0fc-33ae-42bd-aece-0f32a0870a5b,,,,,,69214,512,1260140,19.42326545715332,-99.09176635742188,358.0,0.0,0.0,,,,1783049743,2026-07-02 21:35:43-06:00,,,,,,,,,,,,,,
metrobus,metrobus_vehicle_positions_enriched,2026-08-21T17:47:45Z,2026-08-21,20260821T174742Z,d8762f01-1a73-49fd-a4f1-9848703874dd,,,,,,69730,755,1280026,19.465118408203125,-99.0595703125,314.0,0.0,0.0,,,,1787334454,2026-08-21 11:47:34-06:00,,,,,,,,,,,,,,
metrobus,metrobus_vehicle_positions_enriched,2026-08-21T17:47:45Z,2026-08-21,20260821T174742Z,6e0e6765-8b90-432b-8ac8-ef844175ca2f,,19470,0.0,16:42:37,20260821,69731,756,1280027,19.509876251220703,-99.19881439208984,198.0,36.0,129.6,,,,1787334444,2026-08-21 11:47:24-06:00,,,6,L06g01-1 villa de aragón - el rosario,,3,E44599,FFFFFF,,,,,,
metrobus,metrobus_vehicle_positions_enriched,2026-08-21T17:47:45Z,2026-08-21,20260821T174742Z,c8d23231-a74c-4759-b16a-fcf37b074d07,,,,,,69216,514,1260142,19.398664474487305,-99.076171875,0.0,0.0,0.0,,,,1786803560,2026-08-15 08:19:20-06:00,,,,,,,,,,,,,,
metrobus,metrobus_vehicle_positions_enriched,2026-08-21T17:47:45Z,2026-08-21,20260821T174742Z,5794bdf7-2eeb-42fc-aa1c-216d26c1d3c6,,20295,0.0,17:21:29,20260821,69732,757,1280028,19.436031341552734,-99.14705657958984,186.0,0.0,0.0,,,,1787334441,2026-08-21 11:47:21-06:00,,,1,L31a31-1 indios verdes - pueblo sta cruz atoyac,,3,42A76B,FFFFFF,,,,,,
metrobus,metrobus_vehicle_positions_enriched,2026-08-21T17:47:45Z,2026-08-21,20260821T174742Z,2b91efcb-f2ec-4bd1-952f-d63d8e58ea0e,,20439,1.0,17:46:05,20260821,69217,515,1260143,19.403446197509766,-99.18656158447266,305.0,5.0,18.0,,,,1787334455,2026-08-21 11:47:35-06:00,,,2,L72h73-1 alameda tacubaya - glorieta cuitláhuac sur.,,3,42A76B,FFFFFF,,,,,,
metrobus,metrobus_vehicle_positions_enriched,2026-08-21T17:47:45Z,2026-08-21,20260821T174742Z,56d9dcd9-6b80-4d27-9e55-573d04d26768,,20295,0.0,16:54:08,20260821,69733,758,1280029,19.380319595336914,-99.15885162353516,196.0,13.0,46.800000000000004,,,,1787334437,2026-08-21 11:47:17-06:00,,,1,L31a31-1 indios verdes - pueblo sta cruz atoyac,,3,42A76B,FFFFFF,,,,,,
metrobus,metrobus_vehicle_positions_enriched,2026-08-21T17:47:45Z,2026-08-21,20260821T174742Z,3b393465-5078-4cac-a7e3-06e2b489a314,,,,,,69218,516,1260144,19.398731231689453,-99.07625579833984,0.0,0.0,0.0,,,,1785603366,2026-08-01 10:56:06-06:00,,,,,,,,,,,,,,
metrobus,metrobus_vehicle_positions_enriched,2026-08-21T17:47:45Z,2026-08-21,20260821T174742Z,3f9e78bd-6075-4b09-8eb4-e0fabd9b871c,,,,,,69734,759,1280030,19.370590209960938,-99.16120910644531,127.0,0.0,0.0,,,,1787334452,2026-08-21 11:47:32-06:00,,,,,,,,,,,,,,
metrobus,metrobus_vehicle_positions_enriched,2026-08-21T17:47:45Z,2026-08-21,20260821T174742Z,16963b29-b852-414c-a6d8-dbd4cf43c653,,,,,,69220,518,1260146,19.398725509643555,-99.07621002197266,0.0,0.0,0.0,,,,1786803417,2026-08-15 08:16:57-06:00,,,,,,,,,,,,,,
metrobus,metrobus_vehicle_positions_enriched,2026-08-21T17:47:45Z,2026-08-21,20260821T174742Z,438e59ae-70b8-4176-8ed3-59ab20e3e74b,,19475,1.0,16:58:55,20260821,69735,760,1280031,19.504371643066406,-99.19786834716797,161.0,0.0,0.0,,,,1787334443,2026-08-21 11:47:23-06:00,,,6,L06g03-2 el rosario- dep. 18 de marzo,,3,E44599,FFFFFF,,,,,,
metrobus,metrobus_vehicle_positions_enriched,2026-08-21T17:47:45Z,2026-08-21,20260821T174742Z,e4ba0eeb-26a4-4735-a604-517d26a263d6,,19475,1.0,17:25:44,20260821,69736,761,1280032,19.493654251098633,-99.14756774902344,103.0,0.0,0.0,,,,1787334455,2026-08-21 11:47:35-06:00,,,6,L06g03-2 el rosario- dep. 18 de marzo,,3,E44599,FFFFFF,,,,,,
metrobus,metrobus_vehicle_positions_enriched,2026-08-21T17:47:45Z,2026-08-21,20260821T174742Z,d67ecf07-45af-40cc-84fb-896a7361a345,,19472,1.0,17:31:31,20260821,69737,762,1280033,19.481809616088867,-99.10486602783203,113.0,0.0,0.0,,,,1787334441,2026-08-21 11:47:21-06:00,,,6,L06g02-2 ipn - villa de aragón,,3,E44599,FFFFFF,,,,,,
metrobus,metrobus_vehicle_positions_enriched,2026-08-21T17:47:45Z,2026-08-21,20260821T174742Z,8822268b-7c93-4982-a2f4-746458845001,,19582,0.0,17:29:12,20260821,69222,520,1260148,19.461868286132812,-99.12738037109375,199.0,0.0,0.0,,,,1787334452,2026-08-21 11:47:32-06:00,,,7,L07h04-1 indios verdes - la diana,,3,116633,FFFFFF,,,,,,
metrobus,metrobus_vehicle_positions_enriched,2026-08-21T17:47:45Z,2026-08-21,20260821T174742Z,22349f7b-52ff-40dd-b4f7-3b4944e404e5,,19470,0.0,16:49:42,20260821,69738,763,1280034,19.503599166870117,-99.18219757080078,288.0,32.0,115.2,,,,1787334447,2026-08-21 11:47:27-06:00,,,6,L06g01-1 villa de aragón - el rosario,,3,E44599,FFFFFF,,,,,,
metrobus,metrobus_vehicle_positions_enriched,2026-08-21T17:47:45Z,2026-08-21,20260821T174742Z,75b6bf06-0a31-46f3-a19d-dc6f07e9ddce,,19518,1.0,17:40:24,20260821,69223,521,1260149,19.42555046081543,-99.11949157714844,279.0,15.0,54.0,,,,1787334446,2026-08-21 11:47:26-06:00,,,4,L04e08-2 san lázaro pte - buenavista,,3,FF9A03,FFFFFF,,,,,,
metrobus,metrobus_vehicle_positions_enriched,2026-08-21T17:47:45Z,2026-08-21,20260821T174742Z,767fa87e-c44f-4715-a176-06f8a58e2557,,,,,,69739,764,1280035,19.496963500976562,-99.11946868896484,960.0,15.0,54.0,,,,1787334456,2026-08-21 11:47:36-06:00,,,,,,,,,,,,,,
metrobus,metrobus_vehicle_positions_enriched,2026-08-21T17:47:45Z,2026-08-21,20260821T174742Z,af393bf4-7c8b-4665-a6b4-727d50d6a173,,,,,,69224,522,1260150,19.42660140991211,-99.1688003540039,242.0,16.0,57.6,,,,1787334448,2026-08-21 11:47:28-06:00,,,,,,,,,,,,,,
metrobus,metrobus_vehicle_positions_enriched,2026-08-21T17:47:45Z,2026-08-21,20260821T174742Z,3846e39e-d093-442e-a9cc-7f14d23e133a,,19475,1.0,17:37:18,20260821,69740,765,1280036,19.50173568725586,-99.17724609375,117.0,49.0,176.4,,,,1787334455,2026-08-21 11:47:35-06:00,,,6,L06g03-2 el rosario- dep. 18 de marzo,,3,E44599,FFFFFF,,,,,,
metrobus,metrobus_vehicle_positions_enriched,2026-08-21T17:47:45Z,2026-08-21,20260821T174742Z,87589938-b548-4b6f-92b1-8554e1de6ee1,,20439,1.0,17:14:34,20260821,69225,523,1260151,19.439607620239258,-99.14403533935547,474.0,0.0,0.0,,,,1787334448,2026-08-21 11:47:28-06:00,,,2,L72h73-1 alameda tacubaya - glorieta cuitláhuac sur.,,3,42A76B,FFFFFF,,,,,,
metrobus,metrobus_vehicle_positions_enriched,2026-08-21T17:47:45Z,2026-08-21,20260821T174742Z,7bb06507-41fb-43e5-b3e3-7c6314688e50,,19472,1.0,17:36:57,20260821,69741,766,1280037,19.483116149902344,-99.108642578125,102.0,19.0,68.4,,,,1787334446,2026-08-21 11:47:26-06:00,,,6,L06g02-2 ipn - villa de aragón,,3,E44599,FFFFFF,,,,,,
metrobus,metrobus_vehicle_positions_enriched,2026-08-21T17:47:45Z,2026-08-21,20260821T174742Z,7f624b29-5508-4914-93c0-9ec4202147d1,,,,,,69226,524,1260152,19.398704528808594,-99.07632446289062,532.0,0.0,0.0,,,,1786803401,2026-08-15 08:16:41-06:00,,,,,,,,,,,,,,
metrobus,metrobus_vehicle_positions_enriched,2026-08-21T17:47:45Z,2026-08-21,20260821T174742Z,6589c54c-996c-4297-b038-1ff498f6e112,,,,,,69227,525,1260153,19.448389053344727,-99.13395690917969,353.0,0.0,0.0,,,,1787334447,2026-08-21 11:47:27-06:00,,,,,,,,,,,,,,
metrobus,metrobus_vehicle_positions_enriched,2026-08-21T17:47:45Z,2026-08-21,20260821T174742Z,38ccbdac-5517-4260-bef4-5a28f9ea2730,,19472,1.0,17:44:54,20260821,69742,767,1280038,19.486709594726562,-99.12272644042969,112.0,30.0,108.0,,,,1787334448,2026-08-21 11:47:28-06:00,,,6,L06g02-2 ipn - villa de aragón,,3,E44599,FFFFFF,,,,,,
metrobus,metrobus_vehicle_positions_enriched,2026-08-21T17:47:45Z,2026-08-21,20260821T174742Z,490402c9-fbe0-47d0-ad7f-785fe559c40a,,19474,0.0,17:36:29,20260821,69743,768,1280039,19.48595428466797,-99.12091064453125,295.0,45.0,162.0,,,,1787334451,2026-08-21 11:47:31-06:00,,,6,L06g03-1 dep. 18 de marzo - el rosario,,3,E44599,FFFFFF,,,,,,
metrobus,metrobus_vehicle_positions_enriched,2026-08-21T17:47:45Z,2026-08-21,20260821T174742Z,907367ec-fc76-439e-bb20-21812d8b27d1,,,,,,69228,526,1260154,19.448898315429688,-99.13500213623047,262.0,0.0,0.0,,,,1787334451,2026-08-21 11:47:31-06:00,,,,,,,,,,,,,,
metrobus,metrobus_vehicle_positions_enriched,2026-08-21T17:47:45Z,2026-08-21,20260821T174742Z,32e791e6-8c71-46ef-a73d-87d2aeee743a,,19474,0.0,17:19:25,20260821,69744,769,1280040,19.51173973083496,-99.19638061523438,273.0,0.0,0.0,,,,1787334451,2026-08-21 11:47:31-06:00,,,6,L06g03-1 dep. 18 de marzo - el rosario,,3,E44599,FFFFFF,,,,,,
metrobus,metrobus_vehicle_positions_enriched,2026-08-21T17:47:45Z,2026-08-21,20260821T174742Z,4922c693-11a6-4851-be93-f8d17b0bedc0,,,,,,69229,527,1260155,19.445615768432617,-99.15227508544922,284.0,0.0,0.0,,,,1787334456,2026-08-21 11:47:36-06:00,,,,,,,,,,,,,,
metrobus,metrobus_vehicle_positions_enriched,2026-08-21T17:47:45Z,2026-08-21,20260821T174742Z,28c59aa9-ec68-4ad3-ad9f-77d516970cd2,,19470,0.0,17:20:22,20260821,69745,770,1280041,19.481786727905273,-99.10462188720703,293.0,0.0,0.0,,,,1787334449,2026-08-21 11:47:29-06:00,,,6,L06g01-1 villa de aragón - el rosario,,3,E44599,FFFFFF,,,,,,
metrobus,metrobus_vehicle_positions_enriched,2026-08-21T17:47:45Z,2026-08-21,20260821T174742Z,2528ccfa-c71e-4999-b66c-ec712cfcd96e,,,,,,69746,771,1280042,19.503124237060547,-99.18070983886719,289.0,32.0,115.2,,,,1787334448,2026-08-21 11:47:28-06:00,,,,,,,,,,,,,,
metrobus,metrobus_vehicle_positions_enriched,2026-08-21T17:47:45Z,2026-08-21,20260821T174742Z,1508071a-654a-4fb9-ba30-39f92cadaa80,,19470,0.0,17:45:20,20260821,69747,772,1280043,19.46855354309082,-99.0634994506836,313.0,0.0,0.0,,,,1787334456,2026-08-21 11:47:36-06:00,,,6,L06g01-1 villa de aragón - el rosario,,3,E44599,FFFFFF,,,,,,
metrobus,metrobus_vehicle_positions_enriched,2026-08-21T17:47:45Z,2026-08-21,20260821T174742Z,452814fd-e695-41ac-8258-ad9698a1f775,,,,,,69232,530,1260158,19.42343521118164,-99.09175109863281,0.0,0.0,0.0,,,,1783893582,2026-07-12 15:59:42-06:00,,,,,,,,,,,,,,
metrobus,metrobus_vehicle_positions_enriched,2026-08-21T17:47:45Z,2026-08-21,20260821T174742Z,08afedbe-a381-4ec5-89bf-0cea35dbb105,,,,,,69748,773,TienepermisodeSEMOVI,19.50750732421875,-99.19932556152344,184.0,0.0,0.0,,,,1787334440,2026-08-21 11:47:20-06:00,,,,,,,,,,,,,,
metrobus,metrobus_vehicle_positions_enriched,2026-08-21T17:47:45Z,2026-08-21,20260821T174742Z,ceb68f7d-d2c8-4f5c-9f6d-cc354574a8d3,,19471,1.0,16:47:37,20260821,69749,774,1280045,19.466819763183594,-99.06160736083984,133.0,11.0,39.6,,,,1787334452,2026-08-21 11:47:32-06:00,,,6,L06g01-2 el rosario - villa de aragón,,3,E44599,FFFFFF,,,,,,
metrobus,metrobus_vehicle_positions_enriched,2026-08-21T17:47:45Z,2026-08-21,20260821T174742Z,a3b00b9e-bd85-4310-ac37-cfe9df1d42c2,,19582,0.0,17:18:26,20260821,69234,532,1260160,19.443037033081055,-99.14056396484375,225.0,30.0,108.0,,,,1787334452,2026-08-21 11:47:32-06:00,,,7,L07h04-1 indios verdes - la diana,,3,116633,FFFFFF,,,,,,
metrobus,metrobus_vehicle_positions_enriched,2026-08-21T17:47:45Z,2026-08-21,20260821T174742Z,514d3452-be4b-4a1a-872e-0fe4302a49ba,,19470,0.0,17:12:06,20260821,69750,775,1280046,19.48760414123535,-99.12498474121094,291.0,37.0,133.20000000000002,,,,1787334450,2026-08-21 11:47:30-06:00,,,6,L06g01-1 villa de aragón - el rosario,,3,E44599,FFFFFF,,,,,,
metrobus,metrobus_vehicle_positions_enriched,2026-08-21T17:47:45Z,2026-08-21,20260821T174742Z,6429df93-9a42-49b3-bbd9-ed3324937685,,20440,0.0,17:31:11,20260821,69236,534,1260162,19.429317474365234,-99.16316223144531,248.0,0.0,0.0,,,,1787334450,2026-08-21 11:47:30-06:00,,,2,L72h73-2 glorieta cuitláhuac sur - alameda tacubaya,,3,42A76B,FFFFFF,,,,,,
metrobus,metrobus_vehicle_positions_enriched,2026-08-21T17:47:45Z,2026-08-21,20260821T174742Z,3563c22b-6b50-47b7-a547-2643e5f4f42f,,19472,1.0,17:46:29,20260821,69751,776,1320053,19.491304397583008,-99.13542175292969,284.0,8.0,28.8,,,,1787334449,2026-08-21 11:47:29-06:00,,,6,L06g02-2 ipn - villa de aragón,,3,E44599,FFFFFF,,,,,,
metrobus,metrobus_vehicle_positions_enriched,2026-08-21T17:47:45Z,2026-08-21,20260821T174742Z,b63b31f9-9fd0-410e-9b97-44874e78174b,,19470,0.0,17:38:32,20260821,69752,777,1320051,19.478843688964844,-99.07788848876953,198.0,4.0,14.4,,,,1787334443,2026-08-21 11:47:23-06:00,,,6,L06g01-1 villa de aragón - el rosario,,3,E44599,FFFFFF,,,,,,
metrobus,metrobus_vehicle_positions_enriched,2026-08-21T17:47:45Z,2026-08-21,20260821T174742Z,8be5e80c-e84c-4c0c-99de-0d6d5f0f7683,,,,,,69753,778,1320052,19.464595794677734,-99.0592041015625,134.0,0.0,0.0,,,,1787334450,2026-08-21 11:47:30-06:00,,,,,,,,,,,,,,
metrobus,metrobus_vehicle_positions_enriched,2026-08-21T17:47:45Z,2026-08-21,20260821T174742Z,5c5b033e-46dd-4304-9d37-59dc994832bc,,,,,,69238,536,1260164,19.448820114135742,-99.13507080078125,245.0,0.0,0.0,,,,1787328083,2026-08-21 10:01:23-06:00,,,,,,,,,,,,,,
metrobus,metrobus_vehicle_positions_enriched,2026-08-21T17:47:45Z,2026-08-21,20260821T174742Z,9be78ebe-d4ed-4ed8-94dc-fb7323ec3c2a,,,,,,69239,537,1260165,19.448863983154297,-99.13470458984375,269.0,0.0,0.0,,,,1787334449,2026-08-21 11:47:29-06:00,,,,,,,,,,,,,,
metrobus,metrobus_vehicle_positions_enriched,2026-08-21T17:47:45Z,2026-08-21,20260821T174742Z,8257d984-db6f-47fc-845a-39631c9f0cc9,,20439,1.0,17:35:29,20260821,69240,538,1260166,19.42473030090332,-99.17254638671875,636.0,0.0,0.0,,,,1787334452,2026-08-21 11:47:32-06:00,,,2,L72h73-1 alameda tacubaya - glorieta cuitláhuac sur.,,3,42A76B,FFFFFF,,,,,,
metrobus,metrobus_vehicle_positions_enriched,2026-08-21T17:47:45Z,2026-08-21,20260821T174742Z,8ffc2aa5-4412-42a4-8632-fb5408ec4714,,,,,,69241,539,1260167,19.423072814941406,-99.09207153320312,0.0,0.0,0.0,,,,1787333642,2026-08-21 11:34:02-06:00,,,,,,,,,,,,,,
metrobus,metrobus_vehicle_positions_enriched,2026-08-21T17:47:45Z,2026-08-21,20260821T174742Z,f0098705-24f9-456e-80ec-af724e914e44,,19471,1.0,17:35:57,20260821,69179,781,1280047,19.49823570251465,-99.16834259033203,102.0,37.0,133.20000000000002,,,,1787334449,2026-08-21 11:47:29-06:00,,,6,L06g01-2 el rosario - villa de aragón,,3,E44599,FFFFFF,,,,,,
metrobus,metrobus_vehicle_positions_enriched,2026-08-21T17:47:45Z,2026-08-21,20260821T174742Z,4f6cd8ae-d382-4025-8a50-2a64a5b1a823,,20296,1.0,17:36:12,20260821,69180,782,1280048,19.398069381713867,-99.15579986572266,140.0,0.0,0.0,,,,1787334448,2026-08-21 11:47:28-06:00,,,1,L31a31-2 pueblo sta cruz atoyac - indios verdes,,3,42A76B,FFFFFF,,,,,,
metrobus,metrobus_vehicle_positions_enriched,2026-08-21T17:47:45Z,2026-08-21,20260821T174742Z,b866ba91-1826-4a64-b62b-4ea37519834e,,19471,1.0,17:19:53,20260821,69181,783,1280049,19.48536491394043,-99.11945343017578,108.0,0.0,0.0,,,,1787334441,2026-08-21 11:47:21-06:00,,,6,L06g01-2 el rosario - villa de aragón,,3,E44599,FFFFFF,,,,,,
metrobus,metrobus_vehicle_positions_enriched,2026-08-21T17:47:45Z,2026-08-21,20260821T174742Z,94a69e7d-43f8-4dd1-8206-19e4c4e14ddc,,20440,0.0,17:38:55,20260821,69243,541,1260169,19.436201095581055,-99.14888000488281,245.0,0.0,0.0,,,,1787334448,2026-08-21 11:47:28-06:00,,,2,L72h73-2 glorieta cuitláhuac sur - alameda tacubaya,,3,42A76B,FFFFFF,,,,,,
metrobus,metrobus_vehicle_positions_enriched,2026-08-21T17:47:45Z,2026-08-21,20260821T174742Z,7c106c85-eeb3-4188-a943-d312b2521044,,19471,1.0,17:04:03,20260821,69182,784,1280050,19.478639602661133,-99.09703826904297,114.0,13.0,46.800000000000004,,,,1787334449,2026-08-21 11:47:29-06:00,,,6,L06g01-2 el rosario - villa de aragón,,3,E44599,FFFFFF,,,,,,
metrobus,metrobus_vehicle_positions_enriched,2026-08-21T17:47:45Z,2026-08-21,20260821T174742Z,153bdbce-3672-416f-b612-19e1845498ab,,20295,0.0,17:15:35,20260821,69183,785,1280051,19.4254207611084,-99.15412139892578,226.0,24.0,86.4,,,,1787334449,2026-08-21 11:47:29-06:00,,,1,L31a31-1 indios verdes - pueblo sta cruz atoyac,,3,42A76B,FFFFFF,,,,,,
metrobus,metrobus_vehicle_positions_enriched,2026-08-21T17:47:45Z,2026-08-21,20260821T174742Z,15445d24-9fe4-46eb-ab91-3f03fb036aaa,,,,,,69230,543,,19.448854446411133,-99.1346206665039,280.0,0.0,0.0,,,,1787334446,2026-08-21 11:47:26-06:00,,,,,,,,,,,,,,
metrobus,metrobus_vehicle_positions_enriched,2026-08-21T17:47:45Z,2026-08-21,20260821T174742Z,87b418b9-07b5-4986-bf8b-5e8857ba92bf,,19470,0.0,17:14:01,20260821,69184,786,1280052,19.486753463745117,-99.12259674072266,296.0,11.0,39.6,,,,1787334445,2026-08-21 11:47:25-06:00,,,6,L06g01-1 villa de aragón - el rosario,,3,E44599,FFFFFF,,,,,,
metrobus,metrobus_vehicle_positions_enriched,2026-08-21T17:47:45Z,2026-08-21,20260821T174742Z,870ba760-4b66-45e7-a503-8dde9c510b03,,,,,,69246,544,1260172,19.44856071472168,-99.13407897949219,165.0,0.0,0.0,,,,1787334453,2026-08-21 11:47:33-06:00,,,,,,,,,,,,,,
metrobus,metrobus_vehicle_positions_enriched,2026-08-21T17:47:45Z,2026-08-21,20260821T174742Z,af6bd607-e91c-4aad-a8b6-043f497e3dd2,,19471,1.0,17:28:47,20260821,69185,787,1280053,19.494718551635742,-99.15243530273438,103.0,30.0,108.0,,,,1787334442,2026-08-21 11:47:22-06:00,,,6,L06g01-2 el rosario - villa de aragón,,3,E44599,FFFFFF,,,,,,
metrobus,metrobus_vehicle_positions_enriched,2026-08-21T17:47:45Z,2026-08-21,20260821T174742Z,40d6fa9d-b9fb-423c-ab33-236a1940ef80,,19470,0.0,17:04:12,20260821,69186,788,1280054,19.493322372436523,-99.14567565917969,283.0,0.0,0.0,,,,1787334458,2026-08-21 11:47:38-06:00,,,6,L06g01-1 villa de aragón - el rosario,,3,E44599,FFFFFF,,,,,,
metrobus,metrobus_vehicle_positions_enriched,2026-08-21T17:47:45Z,2026-08-21,20260821T174742Z,9e3e2ce6-bf15-43b2-8e83-feb2df7edc62,,,,,,69248,546,1260174,19.44558334350586,-99.15227508544922,172.0,0.0,0.0,,,,1787334441,2026-08-21 11:47:21-06:00,,,,,,,,,,,,,,
metrobus,metrobus_vehicle_positions_enriched,2026-08-21T17:47:45Z,2026-08-21,20260821T174742Z,4b03fce8-7393-423d-b919-dd252a1c9990,,19473,0.0,17:22:19,20260821,69187,789,TienepermisodeSEMOVI,19.48058319091797,-99.10152435302734,294.0,28.0,100.8,,,,1787334446,2026-08-21 11:47:26-06:00,,,6,L06g02-1 villa de aragón - ipn,,3,E44599,FFFFFF,,,,,,
metrobus,metrobus_vehicle_positions_enriched,2026-08-21T17:47:45Z,2026-08-21,20260821T174742Z,e8b52b25-ca82-4e15-b6db-0185a755964f,,,,,,69304,305,TienepermisodeSEMOVI,19.38970947265625,-99.05767059326172,0.0,0.0,0.0,,,,1787309832,2026-08-21 04:57:12-06:00,,,,,,,,,,,,,,
metrobus,metrobus_vehicle_positions_enriched,2026-08-21T17:47:45Z,2026-08-21,20260821T174742Z,7dd92d04-dfeb-43db-955b-dc52e58c01d7,,,,,,69249,547,1260175,19.447824478149414,-99.13412475585938,435.0,0.0,0.0,,,,1787334445,2026-08-21 11:47:25-06:00,,,,,,,,,,,,,,
metrobus,metrobus_vehicle_positions_enriched,2026-08-21T17:47:45Z,2026-08-21,20260821T174742Z,eae622e5-6de8-49f1-b06f-94680e41af56,,19909,0.0,17:36:55,20260821,69250,548,1260176,19.431270599365234,-99.1589584350586,255.0,13.0,46.800000000000004,,,,1787334448,2026-08-21 11:47:28-06:00,,,7,L07h10-1 garibaldi - campo marte,,3,116633,FFFFFF,,,,,,
metrobus,metrobus_vehicle_positions_enriched,2026-08-21T17:47:45Z,2026-08-21,20260821T174742Z,fe5f9cab-5966-442a-89b0-563c1d2e33ad,,19984,0.0,17:38:55,20260821,69305,306,TienepermisodeSEMOVI,19.385963439941406,-99.07125854492188,297.0,0.0,0.0,,,,1787334448,2026-08-21 11:47:28-06:00,,,1,L21c21-1 rojo gómez - dr. gálvez,,3,42A76B,FFFFFF,,,,,,
metrobus,metrobus_vehicle_positions_enriched,2026-08-21T17:47:45Z,2026-08-21,20260821T174742Z,b7a4fbaf-4228-4217-9fd9-5288016131c8,,19983,1.0,17:27:47,20260821,69306,307,TienepermisodeSEMOVI,19.380605697631836,-99.17674255371094,179.0,40.0,144.0,,,,1787334443,2026-08-21 11:47:23-06:00,,,1,L21c21-2 dr. gálvez - rojo gómez,,3,42A76B,FFFFFF,,,,,,
metrobus,metrobus_vehicle_positions_enriched,2026-08-21T17:47:45Z,2026-08-21,20260821T174742Z,3fa02ace-1775-4fbf-aac0-c05323493bfc,,,,,,69251,549,1260177,19.423215866088867,-99.09172058105469,0.0,0.0,0.0,,,,1787285191,2026-08-20 22:06:31-06:00,,,,,,,,,,,,,,
metrobus,metrobus_vehicle_positions_enriched,2026-08-21T17:47:45Z,2026-08-21,20260821T174742Z,8dd8a853-f7a0-4921-9e5f-bbe83bab4e52,,19983,1.0,16:39:57,20260821,69307,308,TienepermisodeSEMOVI,19.387418746948242,-99.0807113647461,124.0,0.0,0.0,,,,1787334456,2026-08-21 11:47:36-06:00,,,1,L21c21-2 dr. gálvez - rojo gómez,,3,42A76B,FFFFFF,,,,,,
metrobus,metrobus_vehicle_positions_enriched,2026-08-21T17:47:45Z,2026-08-21,20260821T174742Z,9a5daa4c-f888-4c3b-9d50-cc26bc2244e0,,,,,,74819,9701,,19.4648494720459,-99.05941009521484,133.0,0.0,0.0,,,,1787091264,2026-08-18 16:14:24-06:00,,,,,,,,,,,,,,
metrobus,metrobus_vehicle_positions_enriched,2026-08-21T17:47:45Z,2026-08-21,20260821T174742Z,e20ba534-dcb4-47c5-a0b8-36c8b1293de8,,,,,,69188,790,1280056,19.50736427307129,-99.19740295410156,193.0,0.0,0.0,,,,1787332800,2026-08-21 11:20:00-06:00,,,,,,,,,,,,,,
metrobus,metrobus_vehicle_positions_enriched,2026-08-21T17:47:45Z,2026-08-21,20260821T174742Z,8a2f1da6-4b94-4a2c-839e-f2a38604a3ce,,19471,1.0,17:41:29,20260821,69189,791,1280057,19.504255294799805,-99.185302734375,101.0,43.0,154.8,,,,1787334450,2026-08-21 11:47:30-06:00,,,6,L06g01-2 el rosario - villa de aragón,,3,E44599,FFFFFF,,,,,,
metrobus,metrobus_vehicle_positions_enriched,2026-08-21T17:47:45Z,2026-08-21,20260821T174742Z,cc87c694-0bad-4877-a2a9-bbc1c9c64d77,,,,,,69190,792,1280058,19.506685256958008,-99.19573211669922,102.0,0.0,0.0,,,,1787333343,2026-08-21 11:29:03-06:00,,,,,,,,,,,,,,
metrobus,metrobus_vehicle_positions_enriched,2026-08-21T17:47:45Z,2026-08-21,20260821T174742Z,55b5aa04-4d19-41f7-a730-97da54bfa9e6,,20439,1.0,16:04:30,20260821,69253,551,1260179,19.42892837524414,-99.16297912597656,668.0,4.0,14.4,,,,1787334443,2026-08-21 11:47:23-06:00,,,2,L72h73-1 alameda tacubaya - glorieta cuitláhuac sur.,,3,42A76B,FFFFFF,,,,,,
metrobus,metrobus_vehicle_positions_enriched,2026-08-21T17:47:45Z,2026-08-21,20260821T174742Z,6ff9251a-ea99-4adc-bf86-d85810c0719c,,,,,,69192,794,1280060,19.49600601196289,-99.15729522705078,287.0,25.0,90.0,,,,1787334446,2026-08-21 11:47:26-06:00,,,,,,,,,,,,,,
metrobus,metrobus_vehicle_positions_enriched,2026-08-21T17:47:45Z,2026-08-21,20260821T174742Z,5b56d62f-c5f8-4db5-b204-cb37deb85d4a,,19470,0.0,17:29:23,20260821,69193,795,1280061,19.477699279785156,-99.09430694580078,292.0,48.0,172.8,,,,1787334444,2026-08-21 11:47:24-06:00,,,6,L06g01-1 villa de aragón - el rosario,,3,E44599,FFFFFF,,,,,,
metrobus,metrobus_vehicle_positions_enriched,2026-08-21T17:47:45Z,2026-08-21,20260821T174742Z,b072e438-db1d-4959-83c2-faee5e9b0fc1,,19473,0.0,17:12:21,20260821,69194,796,1280062,19.48686408996582,-99.12289428710938,290.0,15.0,54.0,,,,1787334451,2026-08-21 11:47:31-06:00,,,6,L06g02-1 villa de aragón - ipn,,3,E44599,FFFFFF,,,,,,
metrobus,metrobus_vehicle_positions_enriched,2026-08-21T17:47:45Z,2026-08-21,20260821T174742Z,52d27fd0-8fb5-45d4-a994-5f696f2c52ae,,20439,1.0,17:17:57,20260821,69256,554,1260182,19.435134887695312,-99.15022277832031,635.0,0.0,0.0,,,,1787334455,2026-08-21 11:47:35-06:00,,,2,L72h73-1 alameda tacubaya - glorieta cuitláhuac sur.,,3,42A76B,FFFFFF,,,,,,
metrobus,metrobus_vehicle_positions_enriched,2026-08-21T17:47:45Z,2026-08-21,20260821T174742Z,f8bebb99-892b-4476-bd54-4675be73346b,,19471,1.0,17:11:48,20260821,69195,797,1280063,19.483537673950195,-99.11390686035156,172.0,0.0,0.0,,,,1787334448,2026-08-21 11:47:28-06:00,,,6,L06g01-2 el rosario - villa de aragón,,3,E44599,FFFFFF,,,,,,
metrobus,metrobus_vehicle_positions_enriched,2026-08-21T17:47:45Z,2026-08-21,20260821T174742Z,9e46e10b-6e15-472f-a50c-d499df080fe8,,,,,,69258,556,1260184,19.448753356933594,-99.13519287109375,235.0,0.0,0.0,,,,1787334449,2026-08-21 11:47:29-06:00,,,,,,,,,,,,,,
metrobus,metrobus_vehicle_positions_enriched,2026-08-21T17:47:45Z,2026-08-21,20260821T174742Z,482d2296-94aa-4f1c-8a99-d52c7eed5b8d,,19984,0.0,17:07:13,20260821,69312,314,TienepermisodeSEMOVI,19.39361572265625,-99.13511657714844,271.0,29.0,104.4,,,,1787334444,2026-08-21 11:47:24-06:00,,,1,L21c21-1 rojo gómez - dr. gálvez,,3,42A76B,FFFFFF,,,,,,
metrobus,metrobus_vehicle_positions_enriched,2026-08-21T17:47:45Z,2026-08-21,20260821T174742Z,6e41ccda-4ce5-41ea-83ca-fc00e6557158,,,,,,69196,798,1280064,19.506698608398438,-99.19575500488281,0.0,0.0,0.0,,,,1787332372,2026-08-21 11:12:52-06:00,,,,,,,,,,,,,,
metrobus,metrobus_vehicle_positions_enriched,2026-08-21T17:47:45Z,2026-08-21,20260821T174742Z,fffa19b0-d8e2-4abb-be3a-ac31b7d9bbb9,,19473,0.0,17:40:19,20260821,69197,799,1320054,19.475093841552734,-99.07064056396484,307.0,43.0,154.8,,,,1787334441,2026-08-21 11:47:21-06:00,,,6,L06g02-1 villa de aragón - ipn,,3,E44599,FFFFFF,,,,,,
metrobus,metrobus_vehicle_positions_enriched,2026-08-21T17:47:45Z,2026-08-21,20260821T174742Z,5d04ba9e-1d43-4bcb-9427-7e5d5eb606fc,,20439,1.0,15:30:45,20260821,69259,557,1260185,19.448522567749023,-99.13414764404297,329.0,14.0,50.4,,,,1787334359,2026-08-21 11:45:59-06:00,,,2,L72h73-1 alameda tacubaya - glorieta cuitláhuac sur.,,3,42A76B,FFFFFF,,,,,,
metrobus,metrobus_vehicle_positions_enriched,2026-08-21T17:47:45Z,2026-08-21,20260821T174742Z,801eddea-cf54-4081-b367-ac20b9ad043f,,19517,0.0,16:28:24,20260821,69260,558,1260186,19.436391830444336,-99.12416076660156,973.0,0.0,0.0,,,,1787331045,2026-08-21 10:50:45-06:00,,,4,L04e08-1 buenavista - san lázaro pte,,3,FF9A03,FFFFFF,,,,,,
metrobus,metrobus_vehicle_positions_enriched,2026-08-21T17:47:45Z,2026-08-21,20260821T174742Z,ad37ec32-c594-48b8-a39e-72a260b8e8d0,,19520,1.0,17:19:24,20260821,69261,559,1260187,19.423120498657227,-99.08617401123047,141.0,47.0,169.20000000000002,,,,1787334451,2026-08-21 11:47:31-06:00,,,4,L04e04-2 hidalgo - pantitlán,,3,FF9A03,FFFFFF,,,,,,
metrobus,metrobus_vehicle_positions_enriched,2026-08-21T17:47:45Z,2026-08-21,20260821T174742Z,6a9d1a21-7821-44bc-8175-fda98ed01a65,,19520,1.0,16:55:14,20260821,69262,560,1260188,19.43599510192871,-99.10860443115234,355.0,50.0,180.0,,,,1787334432,2026-08-21 11:47:12-06:00,,,4,L04e04-2 hidalgo - pantitlán,,3,FF9A03,FFFFFF,,,,,,
metrobus,metrobus_vehicle_positions_enriched,2026-08-21T17:47:45Z,2026-08-21,20260821T174742Z,8eaeed3b-3247-4e97-86f9-2b7027dc8f29,,19515,0.0,17:35:59,20260821,69263,561,1260189,19.43177604675293,-99.15132141113281,198.0,25.0,90.0,,,,1787334452,2026-08-21 11:47:32-06:00,,,4,L04e02-1 buenavista - san lázaro ote,,3,FF9A03,FFFFFF,,,,,,
metrobus,metrobus_vehicle_positions_enriched,2026-08-21T17:47:45Z,2026-08-21,20260821T174742Z,89e56230-5896-4bc9-9156-f43b64f4a4d4,,20440,0.0,17:20:41,20260821,69264,562,1260190,19.42528533935547,-99.17194366455078,228.0,22.0,79.2,,,,1787334442,2026-08-21 11:47:22-06:00,,,2,L72h73-2 glorieta cuitláhuac sur - alameda tacubaya,,3,42A76B,FFFFFF,,,,,,
metrobus,metrobus_vehicle_positions_enriched,2026-08-21T17:47:45Z,2026-08-21,20260821T174742Z,881a4e58-f0e5-47dd-8403-edb3f66c045b,,19983,1.0,16:53:43,20260821,69316,320,TienepermisodeSEMOVI,19.398258209228516,-99.11656951904297,881.0,16.0,57.6,,,,1787334443,2026-08-21 11:47:23-06:00,,,1,L21c21-2 dr. gálvez - rojo gómez,,3,42A76B,FFFFFF,,,,,,
metrobus,metrobus_vehicle_positions_enriched,2026-08-21T17:47:45Z,2026-08-21,20260821T174742Z,ba2d8b04-04ec-42b8-990e-51572a2c13d9,,19582,0.0,17:39:19,20260821,69265,563,1260191,19.47748374938965,-99.12149047851562,199.0,42.0,151.20000000000002,,,,1787334457,2026-08-21 11:47:37-06:00,,,7,L07h04-1 indios verdes - la diana,,3,116633,FFFFFF,,,,,,
metrobus,metrobus_vehicle_positions_enriched,2026-08-21T17:47:45Z,2026-08-21,20260821T174742Z,69adb21c-3435-406e-a3d0-7f414230af73,,19515,0.0,17:03:35,20260821,69266,564,1260192,19.427183151245117,-99.11618041992188,102.0,0.0,0.0,,,,1787334452,2026-08-21 11:47:32-06:00,,,4,L04e02-1 buenavista - san lázaro ote,,3,FF9A03,FFFFFF,,,,,,
metrobus,metrobus_vehicle_positions_enriched,2026-08-21T17:47:45Z,2026-08-21,20260821T174742Z,96679de5-85d4-458a-88ea-35417490314f,,19518,1.0,17:17:05,20260821,69267,565,1260193,19.430179595947266,-99.140380859375,279.0,0.0,0.0,,,,1787334448,2026-08-21 11:47:28-06:00,,,4,L04e08-2 san lázaro pte - buenavista,,3,FF9A03,FFFFFF,,,,,,
metrobus,metrobus_vehicle_positions_enriched,2026-08-21T17:47:45Z,2026-08-21,20260821T174742Z,f3cf7fdc-1fb4-4785-9c42-77f90bea1e5d,,19520,1.0,17:22:40,20260821,69268,566,1260194,19.43185806274414,-99.1024398803711,115.0,27.0,97.2,,,,1787334254,2026-08-21 11:44:14-06:00,,,4,L04e04-2 hidalgo - pantitlán,,3,FF9A03,FFFFFF,,,,,,
metrobus,metrobus_vehicle_positions_enriched,2026-08-21T17:47:45Z,2026-08-21,20260821T174742Z,ee6f75fe-2ec0-4de4-bc03-63e8fc7a9828,,,,,,69269,567,1260195,19.44853401184082,-99.134033203125,339.0,0.0,0.0,,,,1787334448,2026-08-21 11:47:28-06:00,,,,,,,,,,,,,,
metrobus,metrobus_vehicle_positions_enriched,2026-08-21T17:47:45Z,2026-08-21,20260821T174742Z,a231d768-b95b-46da-9647-ad1f1b8fd6d9,,19515,0.0,17:22:17,20260821,69270,568,1260196,19.428579330444336,-99.1325912475586,190.0,0.0,0.0,,,,1787334459,2026-08-21 11:47:39-06:00,,,4,L04e02-1 buenavista - san lázaro ote,,3,FF9A03,FFFFFF,,,,,,
metrobus,metrobus_vehicle_positions_enriched,2026-08-21T17:47:45Z,2026-08-21,20260821T174742Z,25d737e3-d354-439d-b0b9-2de3985a19d8,,,,,,69271,569,1260197,19.436777114868164,-99.12666320800781,981.0,0.0,0.0,,,,1787334439,2026-08-21 11:47:19-06:00,,,,,,,,,,,,,,
metrobus,metrobus_vehicle_positions_enriched,2026-08-21T17:47:45Z,2026-08-21,20260821T174742Z,0fe1896a-23d0-4da7-99a0-faab9a3273df,,19470,0.0,17:42:44,20260821,74821,9704,,19.470979690551758,-99.06652069091797,315.0,45.0,162.0,,,,1787334450,2026-08-21 11:47:30-06:00,,,6,L06g01-1 villa de aragón - el rosario,,3,E44599,FFFFFF,,,,,,
metrobus,metrobus_vehicle_positions_enriched,2026-08-21T17:47:45Z,2026-08-21,20260821T174742Z,409a8057-31d4-4f91-b699-cb113575a728,,19473,0.0,17:18:58,20260821,74820,9702,,19.48223876953125,-99.105712890625,292.0,0.0,0.0,,,,1787334456,2026-08-21 11:47:36-06:00,,,6,L06g02-1 villa de aragón - ipn,,3,E44599,FFFFFF,,,,,,
metrobus,metrobus_vehicle_positions_enriched,2026-08-21T17:47:45Z,2026-08-21,20260821T174742Z,48d20293-9f7d-439c-afc7-edc06f9bd680,,19471,1.0,16:50:42,20260821,74830,9703,,19.466472625732422,-99.07374572753906,103.0,0.0,0.0,,,,1787334452,2026-08-21 11:47:32-06:00,,,6,L06g01-2 el rosario - villa de aragón,,3,E44599,FFFFFF,,,,,,
metrobus,metrobus_vehicle_positions_enriched,2026-08-21T17:47:45Z,2026-08-21,20260821T174742Z,9ba30dfe-5477-48f8-b1e7-8f9464315023,,,,,,69274,572,002A981,19.417131423950195,-99.07417297363281,279.0,8.0,28.8,,,,1787334452,2026-08-21 11:47:32-06:00,,,,,,,,,,,,,,
metrobus,metrobus_vehicle_positions_enriched,2026-08-21T17:47:45Z,2026-08-21,20260821T174742Z,a96b9d08-27c9-4d29-8677-076d1a2a913c,,,,,,69275,573,002A982,19.430824279785156,-99.05359649658203,285.0,0.0,0.0,,,,1787334453,2026-08-21 11:47:33-06:00,,,,,,,,,,,,,,
metrobus,metrobus_vehicle_positions_enriched,2026-08-21T17:47:45Z,2026-08-21,20260821T174742Z,3074e4c9-0d0e-45f2-9ab2-6b45c90266b0,,19523,1.0,17:33:06,20260821,69277,575,002A983,19.436641693115234,-99.12564849853516,975.0,12.0,43.2,,,,1787334445,2026-08-21 11:47:25-06:00,,,4,L04e05-2 hidalgo - alameda ote,,3,FF9A03,FFFFFF,,,,,,
metrobus,metrobus_vehicle_positions_enriched,2026-08-21T17:47:45Z,2026-08-21,20260821T174742Z,df127975-30c1-467a-a403-a3ff93f24765,,19522,0.0,17:25:40,20260821,69278,576,002A984,19.428640365600586,-99.09576416015625,296.0,0.0,0.0,,,,1787334451,2026-08-21 11:47:31-06:00,,,4,L04e05-1 alameda ote - hidalgo,,3,FF9A03,FFFFFF,,,,,,
metrobus,metrobus_vehicle_positions_enriched,2026-08-21T17:47:45Z,2026-08-21,20260821T174742Z,755dc348-07cf-43bc-b97e-a569a953298e,,,,,,69279,577,002A985,19.437528610229492,-99.14689636230469,281.0,31.0,111.60000000000001,,,,1787334459,2026-08-21 11:47:39-06:00,,,,,,,,,,,,,,
metrobus,metrobus_vehicle_positions_enriched,2026-08-21T17:47:45Z,2026-08-21,20260821T174742Z,beb02900-ff5f-42fd-aa60-9f54625864a0,,,,,,69280,578,002A986,19.421165466308594,-99.09193420410156,210.0,20.0,72.0,,,,1787334452,2026-08-21 11:47:32-06:00,,,,,,,,,,,,,,
metrobus,metrobus_vehicle_positions_enriched,2026-08-21T17:47:45Z,2026-08-21,20260821T174742Z,1a495132-8dfb-4daf-97e7-4305271c5b02,,19563,0.0,16:59:52,20260821,70089,338,1250003,19.395151138305664,-99.14541625976562,279.0,14.0,50.4,,,,1787334455,2026-08-21 11:47:35-06:00,,,2,L02c01-1 tepalcates - tacubaya,,3,8D1A96,FFFFFF,,,,,,
metrobus,metrobus_vehicle_positions_enriched,2026-08-21T17:47:45Z,2026-08-21,20260821T174742Z,8d39dde5-fa02-4800-bc67-9b8fa5c17fc8,,19562,1.0,17:36:20,20260821,70090,339,1250004,19.403446197509766,-99.17086029052734,110.0,23.0,82.8,,,,1787334391,2026-08-21 11:46:31-06:00,,,2,L02c01-2 tacubaya - tepalcates,,3,8D1A96,FFFFFF,,,,,,
metrobus,metrobus_vehicle_positions_enriched,2026-08-21T17:47:45Z,2026-08-21,20260821T174742Z,701f5d08-48d4-4d9f-9b9b-22831cb4a3b7,,,,,,69282,580,TienepermisodeSEMOVI,19.437606811523438,-99.14823150634766,100.0,0.0,0.0,,,,1787334451,2026-08-21 11:47:31-06:00,,,,,,,,,,,,,,
metrobus,metrobus_vehicle_positions_enriched,2026-08-21T17:47:45Z,2026-08-21,20260821T174742Z,f913d2dc-ec45-4e7e-a7ad-5027f9d9297e,,19523,1.0,17:21:20,20260821,69283,581,002A989,19.426288604736328,-99.0915298461914,121.0,48.0,172.8,,,,1787334455,2026-08-21 11:47:35-06:00,,,4,L04e05-2 hidalgo - alameda ote,,3,FF9A03,FFFFFF,,,,,,
metrobus,metrobus_vehicle_positions_enriched,2026-08-21T17:47:45Z,2026-08-21,20260821T174742Z,97d91fc1-23b7-4257-8635-28b9fdcde4d5,,,,,,70091,340,1250005,19.390907287597656,-99.04747772216797,116.0,0.0,0.0,,,,1787334447,2026-08-21 11:47:27-06:00,,,,,,,,,,,,,,
metrobus,metrobus_vehicle_positions_enriched,2026-08-21T17:47:45Z,2026-08-21,20260821T174742Z,f8cd7709-b194-4e55-9fcb-81b1e03e1e92,,,,,,69284,582,002A990,0.0,0.0,0.0,0.0,0.0,,,,1787084675,2026-08-18 14:24:35-06:00,,,,,,,,,,,,,,
metrobus,metrobus_vehicle_positions_enriched,2026-08-21T17:47:45Z,2026-08-21,20260821T174742Z,b02108b9-8aca-405f-9e23-355d8725de9c,,19520,1.0,17:17:04,20260821,69285,583,002A991,19.417442321777344,-99.07835388183594,125.0,0.0,0.0,,,,1787334447,2026-08-21 11:47:27-06:00,,,4,L04e04-2 hidalgo - pantitlán,,3,FF9A03,FFFFFF,,,,,,
metrobus,metrobus_vehicle_positions_enriched,2026-08-21T17:47:45Z,2026-08-21,20260821T174742Z,e13d0f9d-1921-4a24-8656-e0d9dbd58622,,19984,0.0,16:50:14,20260821,70093,342,TienepermisodeSEMOVI,19.38006019592285,-99.17706298828125,196.0,24.0,86.4,,,,1787334450,2026-08-21 11:47:30-06:00,,,1,L21c21-1 rojo gómez - dr. gálvez,,3,42A76B,FFFFFF,,,,,,
metrobus,metrobus_vehicle_positions_enriched,2026-08-21T17:47:45Z,2026-08-21,20260821T174742Z,9f9f5cc3-5ac9-4695-8f96-2aef6e032521,,19523,1.0,17:00:59,20260821,69286,584,002A992,19.4215087890625,-99.05663299560547,545.0,8.0,28.8,,,,1787334447,2026-08-21 11:47:27-06:00,,,4,L04e05-2 hidalgo - alameda ote,,3,FF9A03,FFFFFF,,,,,,
metrobus,metrobus_vehicle_positions_enriched,2026-08-21T17:47:45Z,2026-08-21,20260821T174742Z,82df40d5-e5cf-4866-b414-e72c073799da,,19523,1.0,17:09:06,20260821,69287,585,002A993,19.419675827026367,-99.06990814208984,312.0,43.0,154.8,,,,1787334451,2026-08-21 11:47:31-06:00,,,4,L04e05-2 hidalgo - alameda ote,,3,FF9A03,FFFFFF,,,,,,
metrobus,metrobus_vehicle_positions_enriched,2026-08-21T17:47:45Z,2026-08-21,20260821T174742Z,fe71176b-7a4d-467e-a506-893f5fab1250,,19983,1.0,17:31:47,20260821,70095,344,TienepermisodeSEMOVI,19.368383407592773,-99.18067169189453,163.0,28.0,100.8,,,,1787334391,2026-08-21 11:46:31-06:00,,,1,L21c21-2 dr. gálvez - rojo gómez,,3,42A76B,FFFFFF,,,,,,
metrobus,metrobus_vehicle_positions_enriched,2026-08-21T17:47:45Z,2026-08-21,20260821T174742Z,a57e056c-5a85-4b46-abed-2559edace4f9,,19520,1.0,17:25:22,20260821,69288,586,002A994,19.435535430908203,-99.11621856689453,984.0,34.0,122.4,,,,1787334446,2026-08-21 11:47:26-06:00,,,4,L04e04-2 hidalgo - pantitlán,,3,FF9A03,FFFFFF,,,,,,
metrobus,metrobus_vehicle_positions_enriched,2026-08-21T17:47:45Z,2026-08-21,20260821T174742Z,5da368c0-fa74-43af-9291-10298ccf5204,,,,,,70096,345,TienepermisodeSEMOVI,19.384313583374023,-99.07611083984375,125.0,14.0,50.4,,,,1787334450,2026-08-21 11:47:30-06:00,,,,,,,,,,,,,,
metrobus,metrobus_vehicle_positions_enriched,2026-08-21T17:47:45Z,2026-08-21,20260821T174742Z,6e77104c-2b53-4411-9c80-6e7e39b6bbae,,19523,1.0,17:45:01,20260821,69289,587,002A995,19.436355590820312,-99.1413345336914,995.0,20.0,72.0,,,,1787334450,2026-08-21 11:47:30-06:00,,,4,L04e05-2 hidalgo - alameda ote,,3,FF9A03,FFFFFF,,,,,,
metrobus,metrobus_vehicle_positions_enriched,2026-08-21T17:47:45Z,2026-08-21,20260821T174742Z,af06c575-3622-4027-a9fa-f449e6f6eebd,,19519,0.0,17:31:42,20260821,69290,588,002A996,19.43607521057129,-99.12103271484375,277.0,0.0,0.0,,,,1787334451,2026-08-21 11:47:31-06:00,,,4,L04e04-1 pantitlán - hidalgo,,3,FF9A03,FFFFFF,,,,,,
metrobus,metrobus_vehicle_positions_enriched,2026-08-21T17:47:45Z,2026-08-21,20260821T174742Z,c0c69820-3c3a-49fc-be8b-c175e20f42d4,,19522,0.0,17:11:18,20260821,69291,589,002A997,19.436866760253906,-99.12712860107422,277.0,0.0,0.0,,,,1787334447,2026-08-21 11:47:27-06:00,,,4,L04e05-1 alameda ote - hidalgo,,3,FF9A03,FFFFFF,,,,,,
metrobus,metrobus_vehicle_positions_enriched,2026-08-21T17:47:45Z,2026-08-21,20260821T174742Z,7c5b799b-a222-43a2-8b62-a1faefc4e5a3,,19983,1.0,16:58:55,20260821,70100,349,TienepermisodeSEMOVI,19.393564224243164,-99.13512420654297,969.0,30.0,108.0,,,,1787334459,2026-08-21 11:47:39-06:00,,,1,L21c21-2 dr. gálvez - rojo gómez,,3,42A76B,FFFFFF,,,,,,
metrobus,metrobus_vehicle_positions_enriched,2026-08-21T17:47:45Z,2026-08-21,20260821T174742Z,1d378c57-8f43-4c0d-982b-8613e0b439c0,,19522,0.0,17:39:14,20260821,69294,592,002A998,19.41878890991211,-99.07072448730469,209.0,0.0,0.0,,,,1787334451,2026-08-21 11:47:31-06:00,,,4,L04e05-1 alameda ote - hidalgo,,3,FF9A03,FFFFFF,,,,,,
metrobus,metrobus_vehicle_positions_enriched,2026-08-21T17:47:45Z,2026-08-21,20260821T174742Z,d56dac5b-ace9-44be-acbc-bb73d760058b,,19567,1.0,17:45:45,20260821,70101,350,1250015,19.390033721923828,-99.17359161376953,183.0,0.0,0.0,,,,1787334450,2026-08-21 11:47:30-06:00,,,2,L02c03-2 col. del valle - tepalcates,,3,8D1A96,FFFFFF,,,,,,
metrobus,metrobus_vehicle_positions_enriched,2026-08-21T17:47:45Z,2026-08-21,20260821T174742Z,fd810d5b-0969-4581-888a-f638ae3a0279,,19522,0.0,17:17:17,20260821,69298,597,002A999,19.436397552490234,-99.12364959716797,275.0,0.0,0.0,,,,1787334445,2026-08-21 11:47:25-06:00,,,4,L04e05-1 alameda ote - hidalgo,,3,FF9A03,FFFFFF,,,,,,
metrobus,metrobus_vehicle_positions_enriched,2026-08-21T17:47:45Z,2026-08-21,20260821T174742Z,e2adf648-61e9-40e7-a3f9-6565aa6b5358,,19520,1.0,17:09:01,20260821,69299,598,003A001,19.417217254638672,-99.072509765625,210.0,0.0,0.0,,,,1787334446,2026-08-21 11:47:26-06:00,,,4,L04e04-2 hidalgo - pantitlán,,3,FF9A03,FFFFFF,,,,,,
metrobus,metrobus_vehicle_positions_enriched,2026-08-21T17:47:45Z,2026-08-21,20260821T174742Z,46858f7c-c571-4bdd-b958-1d8b54ac690e,,,,,,75093,9756,,19.50690269470215,-99.19581604003906,0.0,0.0,0.0,,,,1787180227,2026-08-19 16:57:07-06:00,,,,,,,,,,,,,,
metrobus,metrobus_vehicle_positions_enriched,2026-08-21T17:47:45Z,2026-08-21,20260821T174742Z,5508edd9-e3e5-44ff-bf88-c0cee91da690,,20296,1.0,17:20:33,20260821,69439,120,1230033,19.425540924072266,-99.14942169189453,938.0,0.0,0.0,,,,1787334445,2026-08-21 11:47:25-06:00,,,1,L31a31-2 pueblo sta cruz atoyac - indios verdes,,3,42A76B,FFFFFF,,,,,,
metrobus,metrobus_vehicle_positions_enriched,2026-08-21T17:47:45Z,2026-08-21,20260821T174742Z,2c146fee-f78b-4dde-85a4-da24e515ef88,,,,,,69440,121,1230034,19.500043869018555,-99.11970520019531,337.0,0.0,0.0,,,,1787278474,2026-08-20 20:14:34-06:00,,,,,,,,,,,,,,
metrobus,metrobus_vehicle_positions_enriched,2026-08-21T17:47:45Z,2026-08-21,20260821T174742Z,18484ba8-6dba-4812-a455-da50ffffe93e,,,,,,69687,364,ConPermisovencido,19.38850212097168,-99.05963134765625,0.0,0.0,0.0,,,,1785951541,2026-08-05 11:39:01-06:00,,,,,,,,,,,,,,
metrobus,metrobus_vehicle_positions_enriched,2026-08-21T17:47:45Z,2026-08-21,20260821T174742Z,5e984643-a5ff-422f-857a-5bfe4cf667e6,,19498,1.0,16:52:47,20260821,69442,123,1230036,19.420236587524414,-99.16390991210938,158.0,39.0,140.4,,,,1787334451,2026-08-21 11:47:31-06:00,,,1,L01a03-2 el caminero - buenavista,,3,D40D0D,FFFFFF,,,,,,
metrobus,metrobus_vehicle_positions_enriched,2026-08-21T17:47:45Z,2026-08-21,20260821T174742Z,c542ec65-4d73-4090-86a9-d487b25e8471,,19983,1.0,17:40:45,20260821,69688,366,1250117,19.35593032836914,-99.1846923828125,171.0,0.0,0.0,,,,1787334452,2026-08-21 11:47:32-06:00,,,1,L21c21-2 dr. gálvez - rojo gómez,,3,42A76B,FFFFFF,,,,,,
metrobus,metrobus_vehicle_positions_enriched,2026-08-21T17:47:45Z,2026-08-21,20260821T174742Z,265217ac-e9a8-450a-901a-a3c17d2ea606,,19984,0.0,16:57:22,20260821,70324,367,,19.395984649658203,-99.1563949584961,274.0,35.0,126.0,,,,1787334441,2026-08-21 11:47:21-06:00,,,1,L21c21-1 rojo gómez - dr. gálvez,,3,42A76B,FFFFFF,,,,,,
metrobus,metrobus_vehicle_positions_enriched,2026-08-21T17:47:45Z,2026-08-21,20260821T174742Z,8d76b6af-72c8-42f6-a668-b1d58ec31972,,19516,1.0,17:24:12,20260821,74672,9521,,19.436357498168945,-99.1418685913086,280.0,0.0,0.0,,,,1787334453,2026-08-21 11:47:33-06:00,,,4,L04e02-2 san lázaro ote - buenavista,,3,FF9A03,FFFFFF,,,,,,
metrobus,metrobus_vehicle_positions_enriched,2026-08-21T17:47:45Z,2026-08-21,20260821T174742Z,c5bd1adc-b086-4c8e-9fb0-e84d7827bbb7,,,,,,74993,9525,,19.407758712768555,-99.18939971923828,266.0,0.0,0.0,,,,1787334444,2026-08-21 11:47:24-06:00,,,,,,,,,,,,,,
metrobus,metrobus_vehicle_positions_enriched,2026-08-21T17:47:45Z,2026-08-21,20260821T174742Z,63528e2e-5a5b-41e9-82bb-164c87aebd70,,19516,1.0,17:32:32,20260821,74671,9522,,19.437135696411133,-99.12931823730469,279.0,0.0,0.0,,,,1787334455,2026-08-21 11:47:35-06:00,,,4,L04e02-2 san lázaro ote - buenavista,,3,FF9A03,FFFFFF,,,,,,
metrobus,metrobus_vehicle_positions_enriched,2026-08-21T17:47:45Z,2026-08-21,20260821T174742Z,271bab5d-4a2a-4ca4-85b7-4f5efdfe4a73,,,,,,74805,9523,,19.42835235595703,-99.16094970703125,201.0,21.0,75.60000000000001,,,,1787334451,2026-08-21 11:47:31-06:00,,,,,,,,,,,,,,
metrobus,metrobus_vehicle_positions_enriched,2026-08-21T17:47:45Z,2026-08-21,20260821T174742Z,80d480e7-5da7-4f25-8ede-db678c08190d,,19984,0.0,16:56:51,20260821,69690,372,1250123,19.398456573486328,-99.16703796386719,305.0,44.0,158.4,,,,1787334454,2026-08-21 11:47:34-06:00,,,1,L21c21-1 rojo gómez - dr. gálvez,,3,42A76B,FFFFFF,,,,,,
metrobus,metrobus_vehicle_positions_enriched,2026-08-21T17:47:45Z,2026-08-21,20260821T174742Z,05a64352-0c2e-401b-9921-c458a847964f,,,,,,69691,373,1250124,19.388389587402344,-99.05928039550781,0.0,0.0,0.0,,,,1787251790,2026-08-20 12:49:50-06:00,,,,,,,,,,,,,,
metrobus,metrobus_vehicle_positions_enriched,2026-08-21T17:47:45Z,2026-08-21,20260821T174742Z,8f77a9ec-8f8d-4f34-b80a-473ef0b6fc49,,19500,1.0,16:59:44,20260821,73164,139,12300139,19.402320861816406,-99.16960144042969,248.0,0.0,0.0,,,,1787334447,2026-08-21 11:47:27-06:00,,,1,L01a07-2 el caminero - indios verdes,,3,D40D0D,FFFFFF,,,,,,
metrobus,metrobus_vehicle_positions_enriched,2026-08-21T17:47:45Z,2026-08-21,20260821T174742Z,2b7a8b1c-2da9-4fd2-849c-5a3abea43cfa,,,,,,75094,9759,,19.506938934326172,-99.1957778930664,0.0,0.0,0.0,,,,1787180422,2026-08-19 17:00:22-06:00,,,,,,,,,,,,,,
metrobus,metrobus_vehicle_positions_enriched,2026-08-21T17:47:45Z,2026-08-21,20260821T174742Z,ad32b436-ac10-4f67-83b1-1cace5e87126,,27055,1.0,17:22:54,20260821,72536,9515,,19.420927047729492,-99.07839965820312,298.0,0.0,0.0,,,,1787334450,2026-08-21 11:47:30-06:00,,,4,L04e10-2 aicm- amajac,,3,FF9A03,FFFFFF,,,,,,
metrobus,metrobus_vehicle_positions_enriched,2026-08-21T17:47:45Z,2026-08-21,20260821T174742Z,02ac546a-5cd5-4e38-984e-0052e215f346,,,,,,75125,9757,,19.506933212280273,-99.19579315185547,0.0,0.0,0.0,,,,1787214632,2026-08-20 02:30:32-06:00,,,,,,,,,,,,,,
metrobus,metrobus_vehicle_positions_enriched,2026-08-21T17:47:45Z,2026-08-21,20260821T174742Z,cb3c73e0-8e06-4162-9141-7174c5f5ef33,,,,,,75096,9758,,19.506988525390625,-99.19576263427734,0.0,0.0,0.0,,,,1787309029,2026-08-21 04:43:49-06:00,,,,,,,,,,,,,,
metrobus,metrobus_vehicle_positions_enriched,2026-08-21T17:47:45Z,2026-08-21,20260821T174742Z,bee86be1-8e56-47e3-ada4-2d46ee76cd40,,,,,,74699,9519,,19.479360580444336,-99.0644302368164,105.0,0.0,0.0,,,,1787289248,2026-08-20 23:14:08-06:00,,,,,,,,,,,,,,
metrobus,metrobus_vehicle_positions_enriched,2026-08-21T17:47:45Z,2026-08-21,20260821T174742Z,cb45ab3b-6bb5-4a5d-a4ea-b21d84671e9a,,19500,1.0,16:19:01,20260821,69451,143,1230056,19.477283477783203,-99.13179016113281,373.0,36.0,129.6,,,,1787334443,2026-08-21 11:47:23-06:00,,,1,L01a07-2 el caminero - indios verdes,,3,D40D0D,FFFFFF,,,,,,
metrobus,metrobus_vehicle_positions_enriched,2026-08-21T17:47:45Z,2026-08-21,20260821T174742Z,57d9832c-6a62-4156-a039-b1ae4e4e4a9b,,19499,0.0,16:51:26,20260821,69452,144,1230057,19.37148094177246,-99.17963409423828,195.0,8.0,28.8,,,,1787334447,2026-08-21 11:47:27-06:00,,,1,L01a07-1 indios verdes - el caminero,,3,D40D0D,FFFFFF,,,,,,
metrobus,metrobus_vehicle_positions_enriched,2026-08-21T17:47:45Z,2026-08-21,20260821T174742Z,a9f6dbbc-053b-4079-9d4c-c7386c572795,,19500,1.0,17:05:53,20260821,69454,146,1230005,19.38003921508789,-99.17688751220703,166.0,25.0,90.0,,,,1787334443,2026-08-21 11:47:23-06:00,,,1,L01a07-2 el caminero - indios verdes,,3,D40D0D,FFFFFF,,,,,,
metrobus,metrobus_vehicle_positions_enriched,2026-08-21T17:47:45Z,2026-08-21,20260821T174742Z,9ae9f52a-7a31-4ff9-83e1-2bf402a56e25,,,,,,75062,9529,,19.423006057739258,-99.09171295166016,334.0,1.0,3.6,,,,1787334454,2026-08-21 11:47:34-06:00,,,,,,,,,,,,,,
metrobus,metrobus_vehicle_positions_enriched,2026-08-21T17:47:45Z,2026-08-21,20260821T174742Z,a5ce86e3-ffc2-4e2a-a043-06f3f500770f,,19517,0.0,17:24:00,20260821,75057,9527,,19.43653678894043,-99.12409973144531,962.0,0.0,0.0,,,,1787334441,2026-08-21 11:47:21-06:00,,,4,L04e08-1 buenavista - san lázaro pte,,3,FF9A03,FFFFFF,,,,,,
metrobus,metrobus_vehicle_positions_enriched,2026-08-21T17:47:45Z,2026-08-21,20260821T174742Z,4056e2c5-cf99-496f-91f4-a2470d3dfb0d,,,,,,74680,9542,,19.402751922607422,-99.06028747558594,870.0,0.0,0.0,,,,1787333945,2026-08-21 11:39:05-06:00,,,,,,,,,,,,,,
metrobus,metrobus_vehicle_positions_enriched,2026-08-21T17:47:45Z,2026-08-21,20260821T174742Z,cd42bd1c-4b6b-4724-bc14-8c5c13633bc5,,27055,1.0,17:34:57,20260821,74681,9543,,19.421110153198242,-99.0784683227539,313.0,0.0,0.0,,,,1787334447,2026-08-21 11:47:27-06:00,,,4,L04e10-2 aicm- amajac,,3,FF9A03,FFFFFF,,,,,,
metrobus,metrobus_vehicle_positions_enriched,2026-08-21T17:47:45Z,2026-08-21,20260821T174742Z,fdb54b95-ec3f-4c1c-b5b3-37c4b06a5736,,27372,1.0,17:35:58,20260821,74679,9541,,19.4198055267334,-99.07781982421875,323.0,29.0,104.4,,,,1787334452,2026-08-21 11:47:32-06:00,,,4,L04e12-2 terminal 1 - terminal 2,,3,FF9A03,FFFFFF,,,,,,
metrobus,metrobus_vehicle_positions_enriched,2026-08-21T17:47:45Z,2026-08-21,20260821T174742Z,157167fc-5c2d-40f0-a3d5-ae98238f79da,,19566,0.0,16:56:51,20260821,74915,9304,,19.39530372619629,-99.14685821533203,274.0,10.0,36.0,,,,1787334444,2026-08-21 11:47:24-06:00,,,2,L02c03-1 tepalcates - col. del valle,,3,8D1A96,FFFFFF,,,,,,
metrobus,metrobus_vehicle_positions_enriched,2026-08-21T17:47:45Z,2026-08-21,20260821T174742Z,b180ff46-7c65-46e5-938d-016397f8f9d2,,19567,1.0,17:41:42,20260821,74546,9305,,19.398242950439453,-99.17107391357422,161.0,0.0,0.0,,,,1787334449,2026-08-21 11:47:29-06:00,,,2,L02c03-2 col. del valle - tepalcates,,3,8D1A96,FFFFFF,,,,,,
metrobus,metrobus_vehicle_positions_enriched,2026-08-21T17:47:45Z,2026-08-21,20260821T174742Z,518cab55-9c26-4621-a198-ffd863557dfc,,19566,0.0,17:07:15,20260821,74518,9303,,19.397911071777344,-99.1279296875,265.0,34.0,122.4,,,,1787334447,2026-08-21 11:47:27-06:00,,,2,L02c03-1 tepalcates - col. del valle,,3,8D1A96,FFFFFF,,,,,,
metrobus,metrobus_vehicle_positions_enriched,2026-08-21T17:47:45Z,2026-08-21,20260821T174742Z,57400809-9f17-4806-a872-5bbc53718856,,,,,,69598,392,1250146,19.388996124267578,-99.05944061279297,0.0,0.0,0.0,,,,1787329524,2026-08-21 10:25:24-06:00,,,,,,,,,,,,,,
metrobus,metrobus_vehicle_positions_enriched,2026-08-21T17:47:45Z,2026-08-21,20260821T174742Z,0d4a43ce-2c29-4271-9cfa-5490d46e459a,,19472,1.0,17:27:39,20260821,74141,9781,,19.478731155395508,-99.09729766845703,110.0,7.0,25.2,,,,1787334449,2026-08-21 11:47:29-06:00,,,6,L06g02-2 ipn - villa de aragón,,3,E44599,FFFFFF,,,,,,
metrobus,metrobus_vehicle_positions_enriched,2026-08-21T17:47:45Z,2026-08-21,20260821T174742Z,f32d5178-1e32-402e-bff1-d34eb5057839,,19984,0.0,17:22:33,20260821,69599,394,1250147,19.39798355102539,-99.10973358154297,281.0,20.0,72.0,,,,1787334445,2026-08-21 11:47:25-06:00,,,1,L21c21-1 rojo gómez - dr. gálvez,,3,42A76B,FFFFFF,,,,,,
metrobus,metrobus_vehicle_positions_enriched,2026-08-21T17:47:45Z,2026-08-21,20260821T174742Z,acc54a88-d284-4a48-b74e-64d230ffdd9f,,,,,,70122,152,1230165,19.499935150146484,-99.11917114257812,0.0,0.0,0.0,,,,1787296609,2026-08-21 01:16:49-06:00,,,,,,,,,,,,,,
metrobus,metrobus_vehicle_positions_enriched,2026-08-21T17:47:45Z,2026-08-21,20260821T174742Z,97df5317-70e5-4a3d-9f3c-796cc1f81a63,,,,,,70123,153,1230166,19.5004825592041,-99.119384765625,0.0,0.0,0.0,,,,1785339679,2026-07-29 09:41:19-06:00,,,,,,,,,,,,,,
metrobus,metrobus_vehicle_positions_enriched,2026-08-21T17:47:45Z,2026-08-21,20260821T174742Z,56c89643-de46-4c3f-82df-b1baf10b3310,,19983,1.0,17:21:37,20260821,69601,398,TienepermisodeSEMOVI,19.393417358398438,-99.17249298095703,167.0,0.0,0.0,,,,1787334448,2026-08-21 11:47:28-06:00,,,1,L21c21-2 dr. gálvez - rojo gómez,,3,42A76B,FFFFFF,,,,,,
metrobus,metrobus_vehicle_positions_enriched,2026-08-21T17:47:45Z,2026-08-21,20260821T174742Z,e281327a-b9db-4a04-b0d2-a976e925e2c4,,,,,,70126,156,1230169,19.499990463256836,-99.11930847167969,391.0,0.0,0.0,,,,1787278274,2026-08-20 20:11:14-06:00,,,,,,,,,,,,,,
metrobus,metrobus_vehicle_positions_enriched,2026-08-21T17:47:45Z,2026-08-21,20260821T174742Z,570ec302-096c-48fb-9d8d-24ec7d18e465,,,,,,69602,399,1250150,19.397798538208008,-99.1091537475586,100.0,17.0,61.2,,,,1787334454,2026-08-21 11:47:34-06:00,,,,,,,,,,,,,,
metrobus,metrobus_vehicle_positions_enriched,2026-08-21T17:47:45Z,2026-08-21,20260821T174742Z,cabd27e5-7f9b-41f6-b15c-9808c91354e7,,19567,1.0,17:25:56,20260821,74547,9306,,19.394914627075195,-99.14374542236328,961.0,27.0,97.2,,,,1787334451,2026-08-21 11:47:31-06:00,,,2,L02c03-2 col. del valle - tepalcates,,3,8D1A96,FFFFFF,,,,,,
metrobus,metrobus_vehicle_positions_enriched,2026-08-21T17:47:45Z,2026-08-21,20260821T174742Z,dfe556c3-ac11-4391-96fa-6311dec2963c,,19567,1.0,17:20:06,20260821,74465,9379,,19.397789001464844,-99.12930297851562,741.0,0.0,0.0,,,,1787334444,2026-08-21 11:47:24-06:00,,,2,L02c03-2 col. del valle - tepalcates,,3,8D1A96,FFFFFF,,,,,,
metrobus,metrobus_vehicle_positions_enriched,2026-08-21T17:47:45Z,2026-08-21,20260821T174742Z,60fb9032-80b3-473f-b6d4-20848e896d63,,19562,1.0,16:48:08,20260821,74191,9382,,19.396991729736328,-99.05696868896484,119.0,22.0,79.2,,,,1787334451,2026-08-21 11:47:31-06:00,,,2,L02c01-2 tacubaya - tepalcates,,3,8D1A96,FFFFFF,,,,,,
metrobus,metrobus_vehicle_positions_enriched,2026-08-21T17:47:45Z,2026-08-21,20260821T174742Z,79fc7862-d946-4c8c-861f-20c25c0947e6,,19523,1.0,17:25:16,20260821,69580,2504,TienepermisodeSEMOVI,19.436111450195312,-99.12127685546875,968.0,0.0,0.0,,,,1787334452,2026-08-21 11:47:32-06:00,,,4,L04e05-2 hidalgo - alameda ote,,3,FF9A03,FFFFFF,,,,,,
metrobus,metrobus_vehicle_positions_enriched,2026-08-21T17:47:45Z,2026-08-21,20260821T174742Z,607a2968-e65f-48ce-8570-69a47c3ae72e,,19523,1.0,17:15:08,20260821,69579,2503,TienepermisodeSEMOVI,19.416954040527344,-99.07518005371094,120.0,19.0,68.4,,,,1787334452,2026-08-21 11:47:32-06:00,,,4,L04e05-2 hidalgo - alameda ote,,3,FF9A03,FFFFFF,,,,,,
metrobus,metrobus_vehicle_positions_enriched,2026-08-21T17:47:45Z,2026-08-21,20260821T174742Z,60c32256-4a29-4382-8fe5-40e94ac6b926,,19519,0.0,17:23:21,20260821,69578,2502,TienepermisodeSEMOVI,19.436861038208008,-99.12733459472656,275.0,0.0,0.0,,,,1787334447,2026-08-21 11:47:27-06:00,,,4,L04e04-1 pantitlán - hidalgo,,3,FF9A03,FFFFFF,,,,,,
metrobus,metrobus_vehicle_positions_enriched,2026-08-21T17:47:45Z,2026-08-21,20260821T174742Z,2c6cce44-03db-4550-b04c-b313ea7afd06,,,,,,69577,2501,TienepermisodeSEMOVI,19.437593460083008,-99.14804077148438,102.0,0.0,0.0,,,,1787334450,2026-08-21 11:47:30-06:00,,,,,,,,,,,,,,
metrobus,metrobus_vehicle_positions_enriched,2026-08-21T17:47:45Z,2026-08-21,20260821T174742Z,66167ddb-1d6a-48c2-8831-85d57f1a5164,,,,,,69585,2509,TienepermisodeSEMOVI,19.437456130981445,-99.14713287353516,100.0,27.0,97.2,,,,1787334448,2026-08-21 11:47:28-06:00,,,,,,,,,,,,,,
metrobus,metrobus_vehicle_positions_enriched,2026-08-21T17:47:45Z,2026-08-21,20260821T174742Z,6e35c2cd-ec71-4fcb-ab10-0c674947289d,,19519,0.0,17:15:37,20260821,69584,2508,TienepermisodeSEMOVI,19.438648223876953,-99.13968658447266,278.0,0.0,0.0,,,,1787334450,2026-08-21 11:47:30-06:00,,,4,L04e04-1 pantitlán - hidalgo,,3,FF9A03,FFFFFF,,,,,,
metrobus,metrobus_vehicle_positions_enriched,2026-08-21T17:47:45Z,2026-08-21,20260821T174742Z,98de3915-6f63-4ced-8fc1-6eeb0d46daa0,,19520,1.0,17:34:59,20260821,69583,2507,TienepermisodeSEMOVI,19.43694305419922,-99.12824249267578,985.0,0.0,0.0,,,,1787334383,2026-08-21 11:46:23-06:00,,,4,L04e04-2 hidalgo - pantitlán,,3,FF9A03,FFFFFF,,,,,,
metrobus,metrobus_vehicle_positions_enriched,2026-08-21T17:47:45Z,2026-08-21,20260821T174742Z,b881e90e-8ba1-4322-a3a1-d4a46669b150,,19520,1.0,17:31:13,20260821,69582,2506,TienepermisodeSEMOVI,19.43645477294922,-99.12446594238281,971.0,0.0,0.0,,,,1787334453,2026-08-21 11:47:33-06:00,,,4,L04e04-2 hidalgo - pantitlán,,3,FF9A03,FFFFFF,,,,,,
metrobus,metrobus_vehicle_positions_enriched,2026-08-21T17:47:45Z,2026-08-21,20260821T174742Z,f68849a3-bf06-4e2c-8317-a502c3855abf,,,,,,69581,2505,TienepermisodeSEMOVI,19.422584533691406,-99.09183502197266,212.0,0.0,0.0,,,,1787330376,2026-08-21 10:39:36-06:00,,,,,,,,,,,,,,
metrobus,metrobus_vehicle_positions_enriched,2026-08-21T17:47:45Z,2026-08-21,20260821T174742Z,eff8a986-3aee-4cfe-8a99-62f208bf888e,,,,,,69591,2515,TienepermisodeSEMOVI,19.438674926757812,-99.13997650146484,279.0,0.0,0.0,,,,1787334454,2026-08-21 11:47:34-06:00,,,,,,,,,,,,,,
metrobus,metrobus_vehicle_positions_enriched,2026-08-21T17:47:45Z,2026-08-21,20260821T174742Z,acedebd4-96e9-469a-9a42-5f72a594a6f3,,,,,,69590,2514,TienepermisodeSEMOVI,0.0,0.0,0.0,0.0,0.0,,,,1787333131,2026-08-21 11:25:31-06:00,,,,,,,,,,,,,,
metrobus,metrobus_vehicle_positions_enriched,2026-08-21T17:47:45Z,2026-08-21,20260821T174742Z,53692923-2a3f-4dca-9661-519650a4fa7d,,19519,0.0,16:08:56,20260821,69589,2513,TienepermisodeSEMOVI,19.4230899810791,-99.09122467041016,0.0,0.0,0.0,,,,1787330510,2026-08-21 10:41:50-06:00,,,4,L04e04-1 pantitlán - hidalgo,,3,FF9A03,FFFFFF,,,,,,
metrobus,metrobus_vehicle_positions_enriched,2026-08-21T17:47:45Z,2026-08-21,20260821T174742Z,f059e3e7-21b4-41f0-9392-806d33737615,,19523,1.0,17:37:08,20260821,69588,2512,TienepermisodeSEMOVI,19.436941146850586,-99.1279525756836,99.0,0.0,0.0,,,,1787334448,2026-08-21 11:47:28-06:00,,,4,L04e05-2 hidalgo - alameda ote,,3,FF9A03,FFFFFF,,,,,,
metrobus,metrobus_vehicle_positions_enriched,2026-08-21T17:47:45Z,2026-08-21,20260821T174742Z,4525b7bb-34fe-46cf-bd8f-e599dda1811e,,19522,0.0,17:35:50,20260821,69587,2511,TienepermisodeSEMOVI,19.41710662841797,-99.07384490966797,278.0,11.0,39.6,,,,1787334458,2026-08-21 11:47:38-06:00,,,4,L04e05-1 alameda ote - hidalgo,,3,FF9A03,FFFFFF,,,,,,
metrobus,metrobus_vehicle_positions_enriched,2026-08-21T17:47:45Z,2026-08-21,20260821T174742Z,22429a96-23a1-4ba6-8eff-5609daa466e4,,19522,0.0,17:21:37,20260821,69586,2510,TienepermisodeSEMOVI,19.435712814331055,-99.11833953857422,275.0,0.0,0.0,,,,1787334450,2026-08-21 11:47:30-06:00,,,4,L04e05-1 alameda ote - hidalgo,,3,FF9A03,FFFFFF,,,,,,
metrobus,metrobus_vehicle_positions_enriched,2026-08-21T17:47:45Z,2026-08-21,20260821T174742Z,9bab7c3f-ce00-4b6c-9219-54ee4fe2343d,,,,,,70010,1206,001A191,19.38568687438965,-99.04534149169922,0.0,0.0,0.0,,,,1787334446,2026-08-21 11:47:26-06:00,,,,,,,,,,,,,,
metrobus,metrobus_vehicle_positions_enriched,2026-08-21T17:47:45Z,2026-08-21,20260821T174742Z,d5ecd3fb-4d92-4a1a-9660-89c9d51dbe21,,19491,1.0,17:29:53,20260821,70009,1205,001A192,19.373964309692383,-99.1788101196289,186.0,0.0,0.0,,,,1787334448,2026-08-21 11:47:28-06:00,,,1,L01a01-2 dr. gálvez - indios verdes,,3,D40D0D,FFFFFF,,,,,,
metrobus,metrobus_vehicle_positions_enriched,2026-08-21T17:47:45Z,2026-08-21,20260821T174742Z,afb0bd7a-1081-4bce-aee2-b894bfb1e662,,19491,1.0,17:09:48,20260821,70008,1204,001A190,19.417442321777344,-99.16472625732422,170.0,26.0,93.60000000000001,,,,1787334453,2026-08-21 11:47:33-06:00,,,1,L01a01-2 dr. gálvez - indios verdes,,3,D40D0D,FFFFFF,,,,,,
metrobus,metrobus_vehicle_positions_enriched,2026-08-21T17:47:45Z,2026-08-21,20260821T174742Z,7477c347-c9de-4412-b31c-75df5b2641e3,,,,,,70007,1203,001A189,19.49770164489746,-99.11959075927734,193.0,0.0,0.0,,,,1787330868,2026-08-21 10:47:48-06:00,,,,,,,,,,,,,,
metrobus,metrobus_vehicle_positions_enriched,2026-08-21T17:47:45Z,2026-08-21,20260821T174742Z,7d4c3ee6-d742-4994-a301-f883697d5d50,,,,,,70006,1202,001A188,19.49803924560547,-99.1195297241211,0.0,0.0,0.0,,,,1787330201,2026-08-21 10:36:41-06:00,,,,,,,,,,,,,,
metrobus,metrobus_vehicle_positions_enriched,2026-08-21T17:47:45Z,2026-08-21,20260821T174742Z,fec809f9-e38a-4f53-a8df-b63b74d965de,,19492,0.0,16:57:34,20260821,70013,1209,001A195,19.380725860595703,-99.17678833007812,196.0,26.0,93.60000000000001,,,,1787334452,2026-08-21 11:47:32-06:00,,,1,L01a01-1 indios verdes - dr. gálvez,,3,D40D0D,FFFFFF,,,,,,
metrobus,metrobus_vehicle_positions_enriched,2026-08-21T17:47:45Z,2026-08-21,20260821T174742Z,d434431d-d58c-41cd-804b-6d5e21e599b1,,,,,,70012,1208,001A194,19.385948181152344,-99.04557037353516,0.0,0.0,0.0,,,,1787330135,2026-08-21 10:35:35-06:00,,,,,,,,,,,,,,
metrobus,metrobus_vehicle_positions_enriched,2026-08-21T17:47:45Z,2026-08-21,20260821T174742Z,632d6643-acce-43f9-b5a4-cca2f8298ed7,,,,,,70011,1207,001A193,19.385364532470703,-99.04560852050781,0.0,0.0,0.0,,,,1787297531,2026-08-21 01:32:11-06:00,,,,,,,,,,,,,,
